1577448620
	1.000159886	107.75	1.000159886	58.95
	2.000488324	112.25	2.000488324	87.38
	3.000754173	111.86	3.000754173	87.33
	4.001008765	112.19	4.001008765	87.19
	5.001260332	112.19	5.001260332	87.19
	6.001517954	112.46	6.001517954	87.24
	7.001780704	113.39	7.001780704	87.25
	8.002026184	112.73	8.002026184	87.35
	9.002272055	113.00	9.002272055	87.28
	10.002518996	113.16	10.002518996	87.29
	11.002738049	113.01	11.002738049	87.27
	12.002973212	113.15	12.002973212	87.18
	13.003230309	113.25	13.003230309	87.29
	14.003486973	113.26	14.003486973	87.16
	15.003760694	113.22	15.003760694	87.35
	16.004007200	113.32	16.004007200	87.34
	17.004260654	113.26	17.004260654	87.18
	18.004517652	113.16	18.004517652	87.37
	19.004777105	113.15	19.004777105	86.93
	20.005025328	113.35	20.005025328	87.05
	21.005325489	113.13	21.005325489	86.96
	22.005593575	113.45	22.005593575	87.08
	23.005806157	113.46	23.005806157	86.94
	24.006058207	113.51	24.006058207	86.85
	25.006313103	113.42	25.006313103	86.94
	26.006574900	113.41	26.006574900	86.88
	27.006808841	113.35	27.006808841	86.87
	28.007080892	113.02	28.007080892	86.85
	29.007355159	112.56	29.007355159	87.04
	30.007624505	112.42	30.007624505	86.61
	31.007902190	112.54	31.007902190	87.02
	32.008169235	112.87	32.008169235	86.98
	33.008441018	112.53	33.008441018	87.00
	34.008713512	112.67	34.008713512	87.00
	35.008976678	112.91	35.008976678	87.06
	36.009233724	112.79	36.009233724	86.87
	37.010068159	113.19	37.010068159	87.14
	38.010313445	113.71	38.010313445	87.01
	39.010574170	113.40	39.010574170	86.71
	40.010876035	112.99	40.010876035	86.97
	41.011142766	112.89	41.011142766	86.86
	42.011422522	112.98	42.011422522	87.00
	43.011686932	113.18	43.011686932	87.06
	44.011972904	113.09	44.011972904	86.95
	45.012240656	113.03	45.012240656	86.86
	46.012496307	113.01	46.012496307	87.25
	47.012758287	112.99	47.012758287	87.17
	48.013024608	112.87	48.013024608	87.07
	49.013295550	113.13	49.013295550	87.14
	50.013564306	113.03	50.013564306	87.01
	51.013812294	112.82	51.013812294	87.33
	52.014079854	112.99	52.014079854	87.28
	53.014348846	112.62	53.014348846	87.06
	54.014600470	123.61	54.014600470	84.64
	55.014807733	137.63	55.014807733	76.11
	56.015061025	113.04	56.015061025	87.10
	57.015318959	113.26	57.015318959	87.18
	58.015577115	113.58	58.015577115	87.23
	59.015809004	113.46	59.015809004	87.04
	60.016097516	113.91	60.016097516	87.25
	61.016359893	113.84	61.016359893	87.10
	62.016605546	113.85	62.016605546	87.10
	63.016811953	113.78	63.016811953	87.21
	64.017078027	113.88	64.017078027	87.09
	65.017343617	114.09	65.017343617	87.25
	66.017611797	114.04	66.017611797	87.20
	67.017886159	114.06	67.017886159	87.28
	68.018131033	114.21	68.018131033	87.23
	69.018378711	114.10	69.018378711	87.20
	70.018633242	114.26	70.018633242	87.48
	71.018902519	114.13	71.018902519	87.33
	72.019154720	114.09	72.019154720	87.21
	73.019420737	113.88	73.019420737	87.13
	74.019689421	114.03	74.019689421	87.15
	75.019951583	113.97	75.019951583	87.37
	76.020202025	113.94	76.020202025	87.19
	77.020464381	113.92	77.020464381	87.32
	78.020743815	113.97	78.020743815	87.30
	79.021049346	113.94	79.021049346	87.15
	80.021317133	114.00	80.021317133	87.09
	81.021568667	113.94	81.021568667	87.17
	82.021807665	113.51	82.021807665	87.12
	83.022063897	113.31	83.022063897	87.09
	84.022316389	113.15	84.022316389	87.05
	85.022584185	113.17	85.022584185	87.16
	86.022817987	113.18	86.022817987	86.96
	87.023077552	113.16	87.023077552	86.88
	88.023335221	113.25	88.023335221	86.64
	89.023593700	113.15	89.023593700	86.80
	90.023821485	113.18	90.023821485	86.71
	91.024076452	113.22	91.024076452	86.83
	92.024321120	113.20	92.024321120	86.57
	93.024581207	113.28	93.024581207	86.79
	94.024809829	113.06	94.024809829	86.80
	95.025072471	113.10	95.025072471	86.74
	96.025313788	113.25	96.025313788	86.74
	97.025584783	113.16	97.025584783	86.83
	98.025870181	113.08	98.025870181	86.90
	99.026174547	114.19	99.026174547	87.12
	100.026450362	113.73	100.026450362	87.08
	101.026698568	113.88	101.026698568	86.97
	102.026965607	114.13	102.026965607	87.16
	103.027224559	113.01	103.027224559	86.82
	104.027500004	113.03	104.027500004	86.86
	105.027785079	113.23	105.027785079	86.75
	106.028038928	113.07	106.028038928	86.71
	107.028306749	112.80	107.028306749	86.79
	108.028533830	129.29	108.028533830	80.80
	109.028759187	133.35	109.028759187	77.04
	110.029012690	113.20	110.029012690	86.90
	111.029280549	113.51	111.029280549	87.03
	112.029544782	114.12	112.029544782	87.00
	113.029805672	114.18	113.029805672	86.97
	114.030069429	114.12	114.030069429	86.77
	115.030338483	114.28	115.030338483	87.10
	116.030590947	114.32	116.030590947	87.11
	117.030798834	114.19	117.030798834	86.84
	118.031084028	114.23	118.031084028	87.01
	119.031346905	114.04	119.031346905	87.13
	120.031617706	114.14	120.031617706	86.94
	121.031896016	114.09	121.031896016	87.03
	122.032166778	114.04	122.032166778	86.89
	123.032435172	114.14	123.032435172	86.96
	124.032685845	114.19	124.032685845	87.12
	125.032949256	114.05	125.032949256	86.93
	126.033209923	114.21	126.033209923	86.87
	127.033479702	114.12	127.033479702	86.96
	128.033753270	114.15	128.033753270	86.99
	129.033989547	114.08	129.033989547	87.05
	130.034254511	114.35	130.034254511	86.97
	131.034510919	114.63	131.034510919	87.29
	132.034796607	114.29	132.034796607	87.22
	133.035058626	114.26	133.035058626	87.14
	134.035321737	114.27	134.035321737	87.16
	135.035587567	114.19	135.035587567	86.98
	136.035806535	113.42	136.035806535	87.06
	137.036057537	113.26	137.036057537	87.11
	138.036359905	113.21	138.036359905	87.16
	139.036613375	113.31	139.036613375	87.16
	140.036881902	113.23	140.036881902	87.15
	141.037141197	113.32	141.037141197	87.09
	142.037403686	113.34	142.037403686	87.30
	143.037677032	113.26	143.037677032	87.20
	144.037949737	113.15	144.037949737	87.08
	145.038215916	113.18	145.038215916	87.26
	146.038469258	113.24	146.038469258	87.26
	147.038750159	113.11	147.038750159	87.27
	148.039016716	113.15	148.039016716	87.23
	149.039276883	113.18	149.039276883	87.19
	150.039549079	113.16	150.039549079	87.23
	151.039808202	113.36	151.039808202	87.31
	152.040075957	113.22	152.040075957	87.27
	153.040331933	113.05	153.040331933	87.40
	154.040606516	113.05	154.040606516	87.36
	155.041238829	113.05	155.041238829	87.36
	156.041508264	113.10	156.041508264	87.30
	157.041817850	113.06	157.041817850	87.34
	158.042084497	112.96	158.042084497	87.19
	159.042358297	113.85	159.042358297	87.49
	160.042620295	112.94	160.042620295	87.23
	161.042889911	112.85	161.042889911	87.35
	162.043104658	129.89	162.043104658	75.60
	163.043282195	130.18	163.043282195	82.64
	164.043530038	113.19	164.043530038	87.36
	165.043796074	113.55	165.043796074	87.50
	166.044057761	113.46	166.044057761	87.24
	167.044318321	113.63	167.044318321	87.34
	168.044567491	113.74	168.044567491	87.35
	169.044812785	113.72	169.044812785	87.42
	170.045080755	113.83	170.045080755	87.27
	171.045339445	113.87	171.045339445	87.63
	172.045607088	113.92	172.045607088	87.35
	173.045880812	114.07	173.045880812	87.25
	174.046145388	114.00	174.046145388	87.45
	175.046410262	113.95	175.046410262	87.46
	176.046681655	114.16	176.046681655	87.37
	177.047003141	114.20	177.047003141	87.55
	178.047257382	114.03	178.047257382	87.54
	179.047522821	114.04	179.047522821	87.33
	180.047802223	113.98	180.047802223	87.34
	181.048058717	114.09	181.048058717	87.59
	182.048319079	114.11	182.048319079	87.44
	183.048578447	114.16	183.048578447	87.49
	184.048805599	114.01	184.048805599	87.54
	185.049061574	114.09	185.049061574	87.70
	186.049318084	114.06	186.049318084	87.52
	187.049576082	114.28	187.049576082	87.48
	188.049810447	114.29	188.049810447	87.62
	189.050059219	114.09	189.050059219	87.45
	190.050280143	113.37	190.050280143	87.55
	191.050546426	113.26	191.050546426	87.49
	192.050798262	113.65	192.050798262	87.44
	193.051038915	113.60	193.051038915	87.49
	194.051308332	113.25	194.051308332	87.43
	195.051570387	113.28	195.051570387	87.53
	196.051878612	113.20	196.051878612	87.50
	197.052133102	113.28	197.052133102	87.39
	198.052398544	113.22	198.052398544	87.45
	199.052657361	113.15	199.052657361	87.43
	200.052930085	113.08	200.052930085	87.41
	201.053189325	113.27	201.053189325	87.39
	202.053467770	113.27	202.053467770	87.52
	203.053747014	113.07	203.053747014	87.16
	204.054014936	113.13	204.054014936	87.32
	205.054288187	113.23	205.054288187	87.29
	206.054558166	113.23	206.054558166	87.10
	207.054815748	113.15	207.054815748	87.24
	208.055074845	113.09	208.055074845	87.22
	209.055337386	113.08	209.055337386	87.11
	210.055598873	113.05	210.055598873	87.07
	211.055808007	112.93	211.055808007	87.22
	212.056064470	112.97	212.056064470	87.21
	213.056306360	112.90	213.056306360	87.24
	214.056596664	113.20	214.056596664	87.07
	215.056815749	112.59	215.056815749	87.05
	216.057090234	133.83	216.057090234	76.35
	217.057290768	126.54	217.057290768	84.76
	218.057548399	113.21	218.057548399	87.16
	219.057818963	113.48	219.057818963	87.13
	220.058067707	114.46	220.058067707	87.27
	221.058303215	113.64	221.058303215	87.09
	222.058573283	114.57	222.058573283	87.24
	223.058806026	114.35	223.058806026	87.22
	224.059053368	113.96	224.059053368	87.25
	225.059322813	113.93	225.059322813	87.35
	226.059592863	113.80	226.059592863	87.10
	227.059862214	114.03	227.059862214	87.20
	228.060137155	113.89	228.060137155	87.17
	229.060402857	113.93	229.060402857	87.15
	230.060672739	113.94	230.060672739	87.18
	231.060927886	113.88	231.060927886	87.16
	232.061170340	113.96	232.061170340	87.41
	233.061442213	113.96	233.061442213	87.20
	234.061703979	113.91	234.061703979	87.01
	235.062005481	114.13	235.062005481	87.10
	236.062265903	114.06	236.062265903	87.11
	237.062526598	113.98	237.062526598	87.19
	238.062806341	114.03	238.062806341	87.05
	239.063070128	114.08	239.063070128	87.03
	240.063336944	114.02	240.063336944	87.38
	241.063600223	114.08	241.063600223	87.25
	242.063870168	114.04	242.063870168	87.20
	243.064127287	113.83	243.064127287	87.19
	244.064374769	113.16	244.064374769	87.04
	245.064634825	113.19	245.064634825	87.28
	246.064892500	113.16	246.064892500	87.16
	247.065109158	113.33	247.065109158	87.39
	248.065380429	113.40	248.065380429	87.29
	249.065650743	113.14	249.065650743	87.36
	250.065922793	113.41	250.065922793	87.25
	251.066195171	113.22	251.066195171	87.28
	252.066463748	113.21	252.066463748	87.26
	253.066746732	113.25	253.066746732	87.19
	254.067002744	113.96	254.067002744	87.34
	255.067302580	113.30	255.067302580	87.29
	256.067565130	113.15	256.067565130	87.20
	257.067814552	113.22	257.067814552	87.04
	258.068087285	113.25	258.068087285	87.15
	259.068362670	113.22	259.068362670	87.32
	260.068636189	113.11	260.068636189	87.32
	261.068909471	113.07	261.068909471	87.23
	262.069182099	113.26	262.069182099	87.23
	263.069461275	113.14	263.069461275	87.42
	264.069747137	113.07	264.069747137	87.33
	265.070013087	113.28	265.070013087	87.42
	266.070280621	112.96	266.070280621	87.34
	267.070551969	113.02	267.070551969	87.33
	268.070814614	112.89	268.070814614	87.29
	269.071087982	113.38	269.071087982	87.27
	270.071342881	137.86	270.071342881	76.61
	271.071560556	141.66	271.071560556	51.71
	272.071750372	144.09	272.071750372	62.35
	273.071906664	142.56	273.071906664	48.53
	274.072070417	141.89	274.072070417	50.47
	275.072243599	145.12	275.072243599	60.71
	276.072409219	142.93	276.072409219	49.38
	277.072606683	142.26	277.072606683	51.82
	278.072777401	142.92	278.072777401	57.93
	279.072953673	143.23	279.072953673	50.16
	280.073136528	141.16	280.073136528	44.87
	281.073315024	144.53	281.073315024	61.20
	282.073486867	142.62	282.073486867	50.37
	283.073671903	142.28	283.073671903	52.44
	284.073858800	142.36	284.073858800	59.29
	285.074047937	140.69	285.074047937	55.33
	286.074251851	143.05	286.074251851	56.52
	287.074425836	142.42	287.074425836	64.29
	288.074609484	142.35	288.074609484	49.25
	289.074784829	142.79	289.074784829	50.54
	290.074970239	144.58	290.074970239	62.10
	291.075144561	144.03	291.075144561	50.27
	292.075331215	142.02	292.075331215	52.71
	293.075522282	142.32	293.075522282	57.29
	294.075720973	142.60	294.075720973	50.32
	295.075919881	142.40	295.075919881	54.19
	296.076116819	143.07	296.076116819	55.76
	297.076283913	144.47	297.076283913	53.05
	298.076465933	143.14	298.076465933	57.22
	299.076649210	142.71	299.076649210	51.70
	300.076829015	143.66	300.076829015	63.97
	301.077032769	141.41	301.077032769	50.95
	302.077262715	144.02	302.077262715	59.77
	303.077431253	143.02	303.077431253	49.70
	304.077613914	141.61	304.077613914	53.78
	305.077775699	141.16	305.077775699	57.38
	306.077946462	142.94	306.077946462	52.30
	307.078133744	140.95	307.078133744	55.25
	308.078338842	141.41	308.078338842	53.22
	309.078512788	143.40	309.078512788	52.16
	310.078690818	142.62	310.078690818	56.42
	311.078886178	142.71	311.078886178	51.62
	312.079053210	144.64	312.079053210	51.55
	313.079255460	144.49	313.079255460	54.17
	314.079433095	143.69	314.079433095	49.57
	315.079625390	143.20	315.079625390	59.81
	316.079859566	142.61	316.079859566	52.26
	317.080072080	143.58	317.080072080	62.30
	318.080237595	142.30	318.080237595	50.14
	319.080405425	140.69	319.080405425	49.87
	320.080599379	140.98	320.080599379	57.38
	321.080772577	141.03	321.080772577	47.33
	322.080932462	141.92	322.080932462	51.13
	323.081114000	142.08	323.081114000	59.13
	324.081279395	142.13	324.081279395	49.47
	325.081433563	141.43	325.081433563	50.57
	326.081600976	143.74	326.081600976	56.59
	327.081757062	142.10	327.081757062	47.79
	328.081926813	141.83	328.081926813	49.97
	329.082107601	145.18	329.082107601	57.49
	330.082268344	144.69	330.082268344	47.70
	331.082418889	142.16	331.082418889	62.51
	332.082590415	142.67	332.082590415	63.96
	333.082779946	140.71	333.082779946	45.00
	334.082952073	143.53	334.082952073	53.23
	335.083126483	140.93	335.083126483	63.94
	336.083305785	141.61	336.083305785	47.87
	337.083502136	142.54	337.083502136	48.92
	338.083679191	147.35	338.083679191	60.64
	339.083857455	142.24	339.083857455	47.30
	340.084023579	143.13	340.084023579	47.34
	341.084168499	144.44	341.084168499	58.92
	342.084337633	140.04	342.084337633	45.68
	343.084515241	143.97	343.084515241	51.70
	344.084673164	141.34	344.084673164	63.54
	345.084862312	141.35	345.084862312	47.50
	346.085046897	141.80	346.085046897	64.77
	347.085248860	143.79	347.085248860	59.79
	348.085465288	141.99	348.085465288	48.65
	349.085638606	143.52	349.085638606	52.27
	350.085778258	142.87	350.085778258	63.56
	351.085959268	140.84	351.085959268	45.57
	352.086150397	142.96	352.086150397	52.95
	353.086324176	142.66	353.086324176	62.43
	354.086701828	140.49	354.086701828	45.61
	355.086881142	144.21	355.086881142	51.37
	356.087052286	146.47	356.087052286	62.91
	357.087234768	141.63	357.087234768	46.83
	358.087417667	143.99	358.087417667	49.13
	359.087588971	142.44	359.087588971	60.55
	360.087774533	140.04	360.087774533	45.97
	361.087960147	142.62	361.087960147	63.62
	362.088144196	141.51	362.088144196	57.63
	363.088331022	142.09	363.088331022	50.75
	364.088499345	143.22	364.088499345	52.16
	365.088675306	139.87	365.088675306	62.28
	366.088865715	141.05	366.088865715	46.86
	367.089032828	143.23	367.089032828	52.54
	368.089202428	146.68	368.089202428	62.98
	369.089365416	141.09	369.089365416	45.48
	370.089531871	144.95	370.089531871	52.38
	371.089703183	143.86	371.089703183	62.98
	372.089899194	140.48	372.089899194	44.96
	373.090071608	143.81	373.090071608	51.88
	374.090238632	144.08	374.090238632	63.07
	375.090423915	141.58	375.090423915	46.79
	376.090623634	143.63	376.090623634	64.10
	377.090781361	142.68	377.090781361	60.87
	378.090967401	141.47	378.090967401	47.82
	379.091138020	143.77	379.091138020	52.59
	380.091308330	144.12	380.091308330	64.00
	381.091474684	140.62	381.091474684	45.40
	382.091640328	144.42	382.091640328	52.75
	383.091774466	143.80	383.091774466	63.87
	384.091949879	141.96	384.091949879	47.75
	385.092135649	142.91	385.092135649	50.05
	386.092313204	144.15	386.092313204	62.32
	387.092472476	142.89	387.092472476	48.82
	388.092621908	143.05	388.092621908	50.38
	389.092770125	148.19	389.092770125	58.57
	390.092931465	143.73	390.092931465	47.68
	391.093110619	142.94	391.093110619	62.09
	392.093275099	140.97	392.093275099	64.08
	393.093440172	140.67	393.093440172	45.18
	394.093612491	142.81	394.093612491	52.34
	395.093774478	145.49	395.093774478	60.10
	396.093944700	140.80	396.093944700	44.22
	397.094116972	144.66	397.094116972	50.83
	398.094289141	140.80	398.094289141	64.25
	399.094480915	141.17	399.094480915	46.12
	400.094678502	142.57	400.094678502	51.45
	401.094858822	145.15	401.094858822	57.67
	402.095037130	141.50	402.095037130	45.26
	403.095210631	144.85	403.095210631	51.37
	404.095397180	144.40	404.095397180	59.93
	405.095577308	141.00	405.095577308	44.44
	406.095750285	144.21	406.095750285	64.48
	407.095934472	142.12	407.095934472	54.44
	408.096113884	142.78	408.096113884	54.85
	409.096281983	144.12	409.096281983	51.17
	410.096464764	140.52	410.096464764	55.31
	411.096665528	141.17	411.096665528	52.66
	412.096842920	142.43	412.096842920	51.61
	413.097013913	141.81	413.097013913	53.44
	414.097189710	142.20	414.097189710	50.29
	415.097354947	143.84	415.097354947	50.79
	416.097539667	140.67	416.097539667	56.13
	417.097716088	141.08	417.097716088	51.48
	418.097875435	142.71	418.097875435	52.34
	419.098058512	139.35	419.098058512	60.09
	420.098235925	140.36	420.098235925	49.39
	421.098387081	131.95	421.098387081	46.23
	422.098563921	124.26	422.098563921	38.40
	423.098751092	124.12	423.098751092	38.76
	424.098932362	124.37	424.098932362	38.93
	425.099155780	147.08	425.099155780	61.45
	426.099427742	156.55	426.099427742	68.38
	427.099713778	157.34	427.099713778	68.28
	428.099984958	157.38	428.099984958	68.14
	429.100234306	157.59	429.100234306	68.23
	430.100529782	157.46	430.100529782	67.96
	431.100794629	157.50	431.100794629	67.78
	432.101068149	157.61	432.101068149	68.06
	433.101327481	157.59	433.101327481	68.10
	434.101601538	157.52	434.101601538	67.87
	435.101818314	157.66	435.101818314	68.13
	436.102059851	157.68	436.102059851	68.20
	437.102268078	157.65	437.102268078	68.18
	438.102529097	157.67	438.102529097	68.11
	439.102786450	157.80	439.102786450	68.22
	440.103039615	157.64	440.103039615	68.09
	441.103315474	157.69	441.103315474	68.01
	442.103587153	157.84	442.103587153	68.18
	443.103813452	157.72	443.103813452	68.35
	444.104060867	157.69	444.104060867	68.04
	445.104333446	157.90	445.104333446	68.27
	446.104587758	157.73	446.104587758	68.32
	447.104807706	157.75	447.104807706	68.31
	448.105067817	157.89	448.105067817	68.28
	449.105336496	157.73	449.105336496	68.24
	450.105627901	157.76	450.105627901	68.01
	451.105887335	157.83	451.105887335	68.11
	452.106149597	157.85	452.106149597	68.14
	453.106413815	157.79	453.106413815	68.19
	454.106680940	157.86	454.106680940	68.19
	455.106972594	157.86	455.106972594	68.29
	456.107238812	157.77	456.107238812	68.11
	457.107495975	157.95	457.107495975	68.34
	458.107772531	157.80	458.107772531	68.17
	459.108021367	157.79	459.108021367	67.88
	460.108285850	157.88	460.108285850	68.21
	461.108544669	158.05	461.108544669	68.21
	462.108813482	157.80	462.108813482	68.29
	463.109076420	157.87	463.109076420	68.21
	464.109330323	157.90	464.109330323	68.36
	465.109599604	157.83	465.109599604	68.25
	466.109866486	157.90	466.109866486	68.14
	467.110114000	157.89	467.110114000	68.20
	468.110377605	157.84	468.110377605	68.22
	469.110686475	157.94	469.110686475	68.35
	470.111117720	157.95	470.111117720	68.50
	471.111385242	157.82	471.111385242	68.03
	472.111645700	158.02	472.111645700	68.33
	473.111915322	157.88	473.111915322	68.05
	474.112160897	157.87	474.112160897	68.22
	475.112424253	158.01	475.112424253	68.39
	476.112671712	157.92	476.112671712	68.09
	477.112930368	157.90	477.112930368	68.35
	478.113178535	157.97	478.113178535	68.14
	479.113432183	157.95	479.113432183	68.36
	480.113688086	157.89	480.113688086	68.18
	481.113936188	157.96	481.113936188	68.25
	482.114182709	156.94	482.114182709	68.35
	483.114436377	156.55	483.114436377	68.16
	484.114697604	156.75	484.114697604	68.22
	485.114961041	156.71	485.114961041	68.19
	486.115236228	156.61	486.115236228	68.34
	487.115500774	156.77	487.115500774	68.07
	488.115767523	156.81	488.115767523	68.24
	489.116047843	156.68	489.116047843	68.34
	490.116280903	156.74	490.116280903	68.33
	491.116493224	156.67	491.116493224	68.27
	492.116779658	156.78	492.116779658	68.33
	493.117041385	156.64	493.117041385	68.15
	494.117302738	156.94	494.117302738	68.26
	495.117548746	157.80	495.117548746	68.19
	496.117816114	157.91	496.117816114	68.23
	497.118075108	157.88	497.118075108	68.21
	498.118349780	157.83	498.118349780	68.14
	499.118621500	157.89	499.118621500	68.21
	500.118894450	157.79	500.118894450	68.18
	501.119147920	157.86	501.119147920	68.34
	502.119408140	157.84	502.119408140	68.24
	503.119677433	157.74	503.119677433	68.23
	504.119942858	157.89	504.119942858	68.28
	505.120189320	157.38	505.120189320	68.13
	506.120433882	155.99	506.120433882	68.22
	507.120682470	157.36	507.120682470	68.33
	508.120968931	157.36	508.120968931	68.25
	509.121234265	157.34	509.121234265	68.33
	510.121502581	157.87	510.121502581	68.44
	511.121772809	157.80	511.121772809	68.27
	512.122039682	157.78	512.122039682	68.10
	513.122293248	157.87	513.122293248	68.31
	514.122565921	157.74	514.122565921	68.36
	515.122815528	157.87	515.122815528	68.24
	516.123080953	157.87	516.123080953	68.11
	517.123328167	157.78	517.123328167	68.21
	518.123587142	157.88	518.123587142	68.29
	519.123806470	157.88	519.123806470	68.23
	520.124063812	157.85	520.124063812	68.28
	521.124329128	157.89	521.124329128	68.26
	522.124594071	158.25	522.124594071	68.18
	523.124873727	157.83	523.124873727	68.44
	524.125133338	157.91	524.125133338	68.42
	525.125379182	157.87	525.125379182	68.27
	526.125630768	157.92	526.125630768	68.42
	527.125870801	157.90	527.125870801	68.39
	528.126163489	157.80	528.126163489	68.31
	529.126414702	157.90	529.126414702	68.34
	530.126677669	157.91	530.126677669	68.28
	531.126931483	157.86	531.126931483	68.12
	532.127236493	157.90	532.127236493	68.53
	533.127492046	157.90	533.127492046	68.40
	534.127746737	157.85	534.127746737	68.42
	535.127994080	157.91	535.127994080	68.37
	536.128231801	157.90	536.128231801	68.46
	537.128439492	157.86	537.128439492	68.36
	538.128679926	157.98	538.128679926	68.19
	539.129114536	157.94	539.129114536	68.25
	540.129333021	157.85	540.129333021	68.20
	541.129600713	157.94	541.129600713	68.37
	542.129795101	157.94	542.129795101	68.36
	543.130024775	157.88	543.130024775	68.24
	544.130236029	157.95	544.130236029	68.26
	545.130474239	157.88	545.130474239	68.34
	546.130745935	157.94	546.130745935	68.34
	547.131001738	157.84	547.131001738	68.36
	548.131291508	157.93	548.131291508	68.47
	549.131540801	157.92	549.131540801	68.28
	550.131813091	157.91	550.131813091	68.32
	551.132052671	157.89	551.132052671	68.39
	552.132327848	157.98	552.132327848	68.09
	553.132575706	157.98	553.132575706	68.34
	554.132854857	157.89	554.132854857	68.54
	555.133108059	157.95	555.133108059	68.46
	556.133488164	157.96	556.133488164	68.37
	557.133724622	157.94	557.133724622	68.47
	558.133993411	157.92	558.133993411	68.28
	559.135238376	158.16	559.135238376	68.53
	560.135456752	157.91	560.135456752	68.31
	561.135718751	157.99	561.135718751	68.46
	562.136939100	158.05	562.136939100	68.38
	563.137161299	157.96	563.137161299	68.45
	564.137414406	157.97	564.137414406	68.32
	565.138537078	158.03	565.138537078	68.56
	566.138837506	158.01	566.138837506	68.42
	567.139367555	158.01	567.139367555	68.27
	568.140189236	158.03	568.140189236	68.48
	569.140420238	157.91	569.140420238	68.36
	570.140676683	158.01	570.140676683	68.38
	571.141869277	158.08	571.141869277	68.39
	572.142092151	157.97	572.142092151	68.45
	573.142353598	157.97	573.142353598	68.27
	574.142601914	157.89	574.142601914	68.20
	575.142865236	157.99	575.142865236	68.39
	576.143131751	157.91	576.143131751	68.29
	577.143393020	157.99	577.143393020	68.28
	578.143668989	158.02	578.143668989	68.43
	579.143938704	157.93	579.143938704	68.37
	580.144192432	157.99	580.144192432	68.42
	581.144455754	158.20	581.144455754	68.50
	582.144743045	158.21	582.144743045	68.41
	583.144993673	158.00	583.144993673	68.46
	584.145239901	157.84	584.145239901	68.18
	585.145497596	157.97	585.145497596	68.25
	586.145795632	158.03	586.145795632	68.25
	587.146066151	158.02	587.146066151	68.37
	588.146341996	157.92	588.146341996	68.57
	589.146596765	158.06	589.146596765	68.36
	590.146814352	158.04	590.146814352	68.48
	591.147085911	157.93	591.147085911	68.42
	592.147368147	158.05	592.147368147	68.46
	593.147623695	158.04	593.147623695	68.45
	594.147889015	157.95	594.147889015	68.44
	595.148160057	158.06	595.148160057	68.33
	596.148440407	158.04	596.148440407	68.43
	597.148718503	157.98	597.148718503	68.28
	598.148973737	158.04	598.148973737	68.29
	599.149223841	157.95	599.149223841	68.36
	600.149482809	158.01	600.149482809	68.53
	601.149758859	158.03	601.149758859	68.53
	602.150020727	158.02	602.150020727	68.37
	603.150268966	157.91	603.150268966	68.26
	604.150544700	158.02	604.150544700	68.40
	605.150811875	157.90	605.150811875	68.40
	606.151108621	157.95	606.151108621	68.33
	607.151382869	157.98	607.151382869	68.33
	608.151658907	157.90	608.151658907	68.35
	609.151941860	157.95	609.151941860	68.42
	610.152191988	157.99	610.152191988	68.53
	611.152452524	158.01	611.152452524	68.35
	612.152720544	157.90	612.152720544	68.36
	613.152985799	157.97	613.152985799	68.36
	614.153238856	157.98	614.153238856	68.26
	615.153494104	157.93	615.153494104	68.40
	616.153750766	158.02	616.153750766	68.48
	617.154007517	157.94	617.154007517	68.40
	618.154268413	158.02	618.154268413	68.40
	619.154538983	158.00	619.154538983	68.47
	620.154801137	158.00	620.154801137	68.49
	621.155064410	157.94	621.155064410	68.41
	622.155572271	157.99	622.155572271	68.38
	623.155798177	158.00	623.155798177	68.37
	624.156038544	157.95	624.156038544	68.15
	625.156302105	158.01	625.156302105	68.46
	626.156608651	158.02	626.156608651	68.43
	627.156868906	157.95	627.156868906	68.43
	628.157121568	158.03	628.157121568	68.26
	629.157372323	157.98	629.157372323	68.53
	630.157617850	157.92	630.157617850	68.48
	631.157876817	157.98	631.157876817	68.47
	632.158131976	158.00	632.158131976	68.48
	633.158397942	157.90	633.158397942	68.53
	634.158665330	158.02	634.158665330	68.42
	635.158937563	157.99	635.158937563	68.50
	636.159193236	157.90	636.159193236	68.30
	637.159463244	157.99	637.159463244	68.43
	638.159752352	158.02	638.159752352	68.28
	639.160018496	157.86	639.160018496	68.43
	640.160295333	157.97	640.160295333	68.60
	641.160559777	157.97	641.160559777	68.67
	642.160794874	157.96	642.160794874	68.47
	643.161048819	158.28	643.161048819	68.41
	644.161300566	157.92	644.161300566	68.31
	645.161594845	157.97	645.161594845	68.35
	646.161809279	157.95	646.161809279	68.41
	647.162068510	157.87	647.162068510	68.45
	648.162336326	157.97	648.162336326	68.71
	649.162595282	158.00	649.162595282	68.49
	650.162879910	157.86	650.162879910	68.46
	651.163140142	157.94	651.163140142	68.51
	652.163402099	157.96	652.163402099	68.35
	653.163674246	157.93	653.163674246	68.30
	654.163949612	157.96	654.163949612	68.30
	655.164200711	157.90	655.164200711	68.50
	656.164466747	157.98	656.164466747	68.49
	657.164755892	158.01	657.164755892	68.54
	658.165022222	157.87	658.165022222	68.52
	659.165290976	157.96	659.165290976	68.43
	660.165565678	157.95	660.165565678	68.55
	661.165800571	157.89	661.165800571	68.40
	662.166067595	157.99	662.166067595	68.42
	663.166332114	157.97	663.166332114	68.52
	664.166647111	157.98	664.166647111	68.46
	665.166919772	157.89	665.166919772	68.31
	666.167199174	157.98	666.167199174	68.59
	667.167461849	157.89	667.167461849	68.26
	668.167745762	158.00	668.167745762	68.42
	669.167998786	157.97	669.167998786	68.31
	670.168249137	157.86	670.168249137	68.49
	671.168520376	157.96	671.168520376	68.50
	672.168803578	157.98	672.168803578	68.27
	673.169138976	157.98	673.169138976	68.16
	674.169370474	157.98	674.169370474	68.50
	675.169631256	157.89	675.169631256	68.47
	676.169896417	157.87	676.169896417	68.32
	677.170153230	158.05	677.170153230	68.36
	678.170414323	157.87	678.170414323	68.26
	679.170681669	157.89	679.170681669	68.32
	680.170949162	158.02	680.170949162	68.65
	681.171207286	157.85	681.171207286	68.38
	682.171472274	157.88	682.171472274	68.41
	683.171745803	158.06	683.171745803	68.52
	684.172014905	157.88	684.172014905	68.37
	685.172266020	157.89	685.172266020	68.47
	686.172515416	157.94	686.172515416	68.58
	687.172796933	157.93	687.172796933	68.46
	688.173053001	157.87	688.173053001	68.41
	689.173316351	157.93	689.173316351	68.50
	690.173577598	157.91	690.173577598	68.52
	691.173806741	157.84	691.173806741	68.41
	692.174058142	157.94	692.174058142	68.55
	693.174327000	157.92	693.174327000	68.39
	694.174588669	157.85	694.174588669	68.50
	695.174811666	157.92	695.174811666	68.43
	696.175062979	157.93	696.175062979	68.55
	697.175322590	157.84	697.175322590	68.53
	698.175583217	157.88	698.175583217	68.46
	699.175808205	158.03	699.175808205	68.54
	700.176072225	157.86	700.176072225	68.20
	701.176340953	157.87	701.176340953	68.41
	702.176610585	157.49	702.176610585	68.64
	703.176863521	156.83	703.176863521	68.48
	704.177097814	156.43	704.177097814	68.23
	705.177357024	156.60	705.177357024	68.57
	706.177618698	157.62	706.177618698	68.51
	707.177887237	157.79	707.177887237	68.41
	708.178150854	157.98	708.178150854	68.29
	709.178419375	157.81	709.178419375	68.41
	710.178685743	157.83	710.178685743	68.54
	711.178958182	157.93	711.178958182	68.45
	712.179224579	157.82	712.179224579	68.40
	713.179483558	157.83	713.179483558	68.22
	714.179739927	157.96	714.179739927	68.50
	715.179975253	157.84	715.179975253	68.35
	716.180220743	157.83	716.180220743	68.52
	717.180464974	157.92	717.180464974	68.45
	718.180714245	157.87	718.180714245	68.41
	719.180984929	157.53	719.180984929	68.43
	720.181247623	157.60	720.181247623	68.42
	721.181514016	157.98	721.181514016	68.47
	722.181802475	157.82	722.181802475	68.37
	723.182104552	157.85	723.182104552	68.28
	724.182378367	158.00	724.182378367	68.56
	725.182650563	157.81	725.182650563	68.47
	726.182940485	157.91	726.182940485	68.41
	727.183205856	157.90	727.183205856	68.49
	728.183454410	157.83	728.183454410	68.46
	729.183715398	157.92	729.183715398	68.45
	730.183979371	157.92	730.183979371	68.44
	731.184238004	157.81	731.184238004	68.25
	732.184499443	157.81	732.184499443	68.41
	733.184784147	157.97	733.184784147	68.29
	734.185040109	157.84	734.185040109	68.46
	735.185319195	157.81	735.185319195	68.39
	736.185578568	157.99	736.185578568	68.36
	737.185814382	157.81	737.185814382	68.49
	738.186083020	157.80	738.186083020	68.18
	739.186348813	157.95	739.186348813	68.42
	740.186625790	157.81	740.186625790	68.46
	741.186882695	157.80	741.186882695	68.29
	742.187151983	157.97	742.187151983	68.32
	743.187455727	157.79	743.187455727	68.41
	744.187743309	157.89	744.187743309	68.32
	745.188014200	157.87	745.188014200	68.40
	746.188273130	157.81	746.188273130	68.40
	747.188556372	157.83	747.188556372	68.48
	748.188851588	157.92	748.188851588	68.41
	749.189107241	157.75	749.189107241	68.38
	750.189379772	157.86	750.189379772	68.54
	751.189646685	157.87	751.189646685	68.41
	752.189918453	157.81	752.189918453	68.36
	753.190188553	157.88	753.190188553	68.37
	754.190446549	157.84	754.190446549	68.51
	755.190702379	157.77	755.190702379	68.42
	756.190957767	157.81	756.190957767	68.33
	757.191221186	157.88	757.191221186	68.35
	758.191483583	157.91	758.191483583	68.45
	759.191762630	157.79	759.191762630	68.36
	760.192027814	157.96	760.192027814	68.29
	761.192302217	157.77	761.192302217	68.22
	762.192597513	157.86	762.192597513	68.38
	763.192800564	157.98	763.192800564	68.38
	764.193063291	158.05	764.193063291	68.39
	765.193318045	157.73	765.193318045	68.36
	766.193591101	157.94	766.193591101	68.60
	767.193807360	157.78	767.193807360	68.29
	768.194055888	157.79	768.194055888	68.32
	769.194386450	157.84	769.194386450	68.47
	770.194883671	157.87	770.194883671	68.33
	771.195147638	157.86	771.195147638	68.56
	772.195419989	157.88	772.195419989	68.39
	773.195693695	157.78	773.195693695	68.14
	774.195954162	157.88	774.195954162	68.47
	775.196196796	157.83	775.196196796	68.38
	776.196444929	157.91	776.196444929	68.38
	777.196720650	157.89	777.196720650	68.38
	778.196987313	157.88	778.196987313	68.46
	779.197303066	157.78	779.197303066	68.42
	780.197566585	157.85	780.197566585	68.36
	781.197857286	157.92	781.197857286	68.38
	782.198098901	157.78	782.198098901	68.50
	783.198334803	157.86	783.198334803	68.44
	784.198610604	157.87	784.198610604	68.52
	785.199267831	157.84	785.199267831	68.40
	786.199522804	157.85	786.199522804	68.63
	787.199804127	157.76	787.199804127	68.48
	788.200069105	157.86	788.200069105	68.52
	789.200313084	157.87	789.200313084	68.35
	790.200567523	157.78	790.200567523	68.38
	791.200810682	157.83	791.200810682	68.40
	792.201062764	157.85	792.201062764	68.40
	793.201334822	157.77	793.201334822	68.45
	794.201616388	157.85	794.201616388	68.32
	795.201883625	157.84	795.201883625	68.40
	796.202148815	157.76	796.202148815	68.36
	797.202411715	157.80	797.202411715	68.36
	798.202672168	157.94	798.202672168	68.31
	799.202946282	157.76	799.202946282	68.33
	800.203220155	157.79	800.203220155	68.46
	801.203521505	157.96	801.203521505	68.49
	802.203794716	157.80	802.203794716	68.48
	803.204038255	157.76	803.204038255	68.36
	804.204279417	157.96	804.204279417	68.51
	805.204548942	157.79	805.204548942	68.49
	806.204818998	157.78	806.204818998	67.91
	807.205105008	157.93	807.205105008	68.43
	808.205368779	157.78	808.205368779	68.40
	809.205639870	157.79	809.205639870	68.43
	810.205908297	157.88	810.205908297	68.20
	811.206178502	157.72	811.206178502	68.28
	812.206445319	157.78	812.206445319	68.19
	813.206715438	157.93	813.206715438	68.27
	814.206998268	157.75	814.206998268	68.13
	815.207268541	157.80	815.207268541	68.42
	816.207534888	157.89	816.207534888	68.34
	817.207806054	157.74	817.207806054	68.34
	818.208083125	157.74	818.208083125	68.57
	819.208362278	157.90	819.208362278	68.45
	820.208632116	157.76	820.208632116	68.28
	821.208941755	157.76	821.208941755	68.47
	822.209212508	158.07	822.209212508	68.41
	823.209495172	157.74	823.209495172	68.38
	824.209789355	157.68	824.209789355	68.36
	825.210059374	157.46	825.210059374	68.38
	826.210310701	157.68	826.210310701	68.24
	827.210566115	157.70	827.210566115	68.35
	828.210790467	157.86	828.210790467	68.50
	829.211049761	157.74	829.211049761	68.32
	830.211310700	157.70	830.211310700	68.45
	831.211588382	157.89	831.211588382	68.54
	832.211807358	157.71	832.211807358	68.34
	833.212062114	157.71	833.212062114	68.41
	834.212314020	157.77	834.212314020	68.43
	835.212578205	157.80	835.212578205	68.42
	836.212792315	157.72	836.212792315	68.47
	837.213047305	157.89	837.213047305	68.38
	838.213306025	157.68	838.213306025	68.34
	839.213584386	157.63	839.213584386	68.44
	840.213882935	157.75	840.213882935	68.21
	841.214136225	157.74	841.214136225	68.25
	842.214400812	157.64	842.214400812	68.35
	843.214783311	157.85	843.214783311	68.36
	844.215024437	157.69	844.215024437	68.38
	845.215256744	157.68	845.215256744	68.31
	846.215602241	157.84	846.215602241	68.42
	847.215807960	157.69	847.215807960	68.41
	848.216023524	157.80	848.216023524	68.23
	849.216273389	157.88	849.216273389	68.41
	850.216532580	157.78	850.216532580	68.40
	851.216798553	157.67	851.216798553	68.31
	852.217067104	157.76	852.217067104	68.14
	853.217340074	157.75	853.217340074	68.33
	854.217601505	157.65	854.217601505	68.23
	855.217808039	157.71	855.217808039	68.44
	856.218061778	157.71	856.218061778	68.22
	857.218311890	157.67	857.218311890	68.29
	858.218557698	157.65	858.218557698	68.22
	859.218811404	157.78	859.218811404	68.39
	860.219081674	157.63	860.219081674	68.42
	861.219356832	157.72	861.219356832	68.23
	862.219629767	157.71	862.219629767	68.41
	863.219894469	157.64	863.219894469	68.28
	864.220154064	157.71	864.220154064	68.44
	865.220420223	157.73	865.220420223	68.32
	866.220866753	157.65	866.220866753	68.30
	867.221118828	157.70	867.221118828	68.34
	868.221373723	157.69	868.221373723	68.44
	869.221643209	157.59	869.221643209	68.30
	870.221923521	157.68	870.221923521	68.41
	871.222194623	157.69	871.222194623	68.30
	872.222464706	157.61	872.222464706	68.36
	873.222743247	157.58	873.222743247	68.17
	874.222996650	157.75	874.222996650	68.34
	875.223257023	157.61	875.223257023	68.30
	876.223521984	157.60	876.223521984	68.43
	877.223808543	157.73	877.223808543	68.45
	878.224062455	157.55	878.224062455	68.33
	879.224368428	157.66	879.224368428	68.25
	880.224649509	157.66	880.224649509	68.43
	881.224918915	157.56	881.224918915	68.28
	882.225184057	157.68	882.225184057	68.40
	883.225455789	157.60	883.225455789	68.27
	884.225713332	157.65	884.225713332	68.18
	885.225926280	157.75	885.225926280	68.47
	886.228226592	158.04	886.228226592	68.48
	887.228535859	157.55	887.228535859	68.46
	888.228810638	157.59	888.228810638	68.39
	889.229078779	157.34	889.229078779	68.24
	890.229352344	156.98	890.229352344	68.32
	891.229597096	157.51	891.229597096	68.35
	892.229807140	157.69	892.229807140	68.54
	893.230082410	157.55	893.230082410	68.42
	894.230358286	157.59	894.230358286	68.34
	895.230626746	157.54	895.230626746	68.30
	896.230882437	157.65	896.230882437	68.16
	897.231143936	157.66	897.231143936	68.27
	898.231412451	157.55	898.231412451	68.34
	899.231702648	157.62	899.231702648	68.38
	900.231971645	157.60	900.231971645	68.37
	901.232234269	157.54	901.232234269	68.20
	902.232498119	157.66	902.232498119	68.46
	903.232773067	157.57	903.232773067	68.38
	904.233045269	157.09	904.233045269	68.32
	905.233315334	156.31	905.233315334	68.21
	906.233587698	156.30	906.233587698	68.48
	907.233877906	157.16	907.233877906	68.23
	908.234141797	157.54	908.234141797	68.44
	909.234410199	157.60	909.234410199	68.43
	910.234693690	157.52	910.234693690	68.35
	911.234964035	157.63	911.234964035	68.37
	912.235217799	157.62	912.235217799	68.22
	913.235481419	157.54	913.235481419	68.30
	914.235762912	157.64	914.235762912	68.50
	915.236026080	157.63	915.236026080	68.28
	916.236297667	157.53	916.236297667	68.45
	917.236559528	157.59	917.236559528	68.29
	918.236805005	157.59	918.236805005	68.19
	919.237072328	157.47	919.237072328	68.16
	920.237341849	157.61	920.237341849	68.42
	921.237622871	157.62	921.237622871	68.26
	922.237907128	157.53	922.237907128	68.32
	923.238163749	157.60	923.238163749	68.33
	924.238432569	157.56	924.238432569	68.17
	925.238715336	157.53	925.238715336	68.34
	926.238982003	157.63	926.238982003	68.18
	927.239248463	157.58	927.239248463	68.39
	928.239516014	157.44	928.239516014	68.23
	929.239787832	157.50	929.239787832	68.34
	930.240059185	157.54	930.240059185	68.35
	931.240325590	157.43	931.240325590	68.36
	932.240605452	157.55	932.240605452	68.31
	933.245012859	158.16	933.245012859	68.64
	934.245260799	157.43	934.245260799	68.13
	935.245528397	157.41	935.245528397	68.22
	936.245806974	157.52	936.245806974	68.36
	937.246074268	157.53	937.246074268	68.42
	938.246379853	157.51	938.246379853	68.13
	939.246649472	157.55	939.246649472	68.46
	940.246925242	157.55	940.246925242	68.40
	941.247178598	157.57	941.247178598	68.29
	942.247418103	157.42	942.247418103	68.32
	943.247683527	157.54	943.247683527	68.38
	944.247958604	157.45	944.247958604	68.43
	945.248228325	157.81	945.248228325	68.37
	946.248501800	157.54	946.248501800	68.39
	947.248779564	157.43	947.248779564	68.20
	948.249041111	157.47	948.249041111	68.32
	949.249306233	157.47	949.249306233	68.09
	950.249575545	157.38	950.249575545	68.27
	951.249806564	157.47	951.249806564	68.06
	952.250073165	157.53	952.250073165	68.42
	953.250347988	157.45	953.250347988	68.23
	954.250612113	157.50	954.250612113	68.49
	955.250882972	157.40	955.250882972	68.29
	956.251141825	157.48	956.251141825	68.09
	957.251452638	157.50	957.251452638	68.29
	958.251727248	157.40	958.251727248	68.11
	959.251981828	157.46	959.251981828	68.31
	960.252243504	157.48	960.252243504	68.37
	961.252521203	157.34	961.252521203	68.20
	962.252796493	157.53	962.252796493	68.16
	963.253054943	157.37	963.253054943	68.19
	964.253288238	157.39	964.253288238	68.26
	965.253538220	157.43	965.253538220	68.14
	966.253789801	156.26	966.253789801	68.36
	967.254028507	156.18	967.254028507	68.17
	968.254256176	157.07	968.254256176	68.38
	969.254506765	157.46	969.254506765	68.35
	970.254764953	157.38	970.254764953	68.30
	971.255032563	157.48	971.255032563	68.12
	972.255298682	157.45	972.255298682	68.39
	973.255551384	157.40	973.255551384	68.27
	974.255804498	157.43	974.255804498	68.26
	975.256046268	157.46	975.256046268	68.38
	976.256310924	157.40	976.256310924	68.31
	977.256627031	157.50	977.256627031	68.40
	978.256875850	157.45	978.256875850	68.36
	979.257102719	157.37	979.257102719	68.32
	980.257371027	157.44	980.257371027	68.28
	981.257613123	157.46	981.257613123	68.27
	982.257798553	157.37	982.257798553	68.19
	983.258073527	157.40	983.258073527	68.20
	984.258331448	157.57	984.258331448	68.34
	985.258585187	157.41	985.258585187	68.07
	986.258809386	157.42	986.258809386	68.22
	987.259069638	157.64	987.259069638	68.27
	988.259332116	157.43	988.259332116	68.18
	989.259577508	157.43	989.259577508	68.34
	990.259804386	157.50	990.259804386	68.35
	991.260056412	157.47	991.260056412	68.32
	992.260314458	157.42	992.260314458	68.34
	993.260577395	157.51	993.260577395	68.17
	994.260812954	157.46	994.260812954	68.21
	995.261054973	157.41	995.261054973	68.40
	996.261365375	157.49	996.261365375	68.40
	997.261648463	157.49	997.261648463	68.26
	998.261926350	157.43	998.261926350	68.10
	999.262183406	157.50	999.262183406	68.18
	1000.262464261	157.51	1000.262464261	68.37
	1001.262741360	157.47	1001.262741360	68.18
	1002.263012673	157.53	1002.263012673	68.22
	1003.263277746	157.53	1003.263277746	68.28
	1004.263549917	157.46	1004.263549917	68.26
	1005.263812781	157.63	1005.263812781	68.26
	1006.264094252	157.71	1006.264094252	68.28
	1007.264366330	157.45	1007.264366330	68.39
	1008.264607992	157.47	1008.264607992	68.23
	1009.264872335	157.61	1009.264872335	68.42
	1010.265145119	157.46	1010.265145119	68.30
	1011.265406987	157.45	1011.265406987	68.25
	1012.265677678	157.65	1012.265677678	68.42
	1013.265942452	157.44	1013.265942452	68.11
	1014.266198004	157.44	1014.266198004	68.13
	1015.266445632	157.57	1015.266445632	68.30
	1016.266757898	157.46	1016.266757898	68.04
	1017.267004870	157.46	1017.267004870	68.39
	1018.267267369	157.57	1018.267267369	68.26
	1019.267551200	157.47	1019.267551200	68.08
	1020.267803028	157.49	1020.267803028	68.32
	1021.268069135	157.62	1021.268069135	68.45
	1022.268318577	157.52	1022.268318577	68.36
	1023.268558290	157.47	1023.268558290	68.23
	1024.268781667	157.50	1024.268781667	68.32
	1025.269045540	157.68	1025.269045540	68.21
	1026.269309749	157.45	1026.269309749	68.25
	1027.269574421	157.54	1027.269574421	68.39
	1028.269817280	157.60	1028.269817280	68.27
	1029.270084440	157.53	1029.270084440	68.29
	1030.270355739	157.54	1030.270355739	68.22
	1031.270615539	157.65	1031.270615539	68.42
	1032.270807360	157.58	1032.270807360	68.25
	1033.271064157	157.62	1033.271064157	68.24
	1034.271311262	157.68	1034.271311262	68.20
	1035.271604295	157.51	1035.271604295	68.17
	1036.271867456	157.53	1036.271867456	68.44
	1037.272128611	157.62	1037.272128611	68.41
	1038.272396770	157.62	1038.272396770	68.35
	1039.272667534	157.57	1039.272667534	68.27
	1040.272924554	157.64	1040.272924554	68.41
	1041.273191404	157.66	1041.273191404	68.38
	1042.273429712	157.57	1042.273429712	68.18
	1043.273656604	157.69	1043.273656604	68.39
	1044.273909452	157.72	1044.273909452	68.19
	1045.274148771	157.60	1045.274148771	68.07
	1046.274381977	157.69	1046.274381977	68.27
	1047.274630355	157.69	1047.274630355	68.10
	1048.274878269	157.63	1048.274878269	68.35
	1049.275116225	157.53	1049.275116225	68.43
	1050.275378710	157.76	1050.275378710	68.42
	1051.275643887	157.62	1051.275643887	68.44
	1052.275894426	157.63	1052.275894426	68.26
	1053.276117476	157.80	1053.276117476	68.37
	1054.276414644	157.65	1054.276414644	68.16
	1055.276695486	157.62	1055.276695486	68.22
	1056.276966837	157.71	1056.276966837	68.40
	1057.277233989	157.69	1057.277233989	68.46
	1058.277493746	157.70	1058.277493746	68.51
	1059.277768570	157.75	1059.277768570	68.43
	1060.278036778	157.76	1060.278036778	68.34
	1061.278288354	157.90	1061.278288354	68.35
	1062.278554883	157.83	1062.278554883	68.40
	1063.278799375	157.81	1063.278799375	68.34
	1064.279045369	157.66	1064.279045369	68.39
	1065.279316374	157.78	1065.279316374	68.44
	1066.279570642	158.06	1066.279570642	68.19
	1067.279797323	157.70	1067.279797323	68.49
	1068.280054437	157.00	1068.280054437	68.46
	1069.280302262	157.23	1069.280302262	68.33
	1070.280542241	157.75	1070.280542241	68.52
	1071.280793375	157.79	1071.280793375	68.26
	1072.281062920	157.71	1072.281062920	68.54
	1073.281341841	157.84	1073.281341841	68.28
	1074.281620311	157.84	1074.281620311	68.32
	1075.281800649	157.53	1075.281800649	68.23
	1076.282049719	157.10	1076.282049719	68.22
	1077.282311584	157.05	1077.282311584	68.21
	1078.282558117	157.72	1078.282558117	68.39
	1079.282812120	157.77	1079.282812120	68.37
	1080.283074867	157.74	1080.283074867	68.10
	1081.283342073	157.79	1081.283342073	68.32
	1082.283614817	157.83	1082.283614817	68.27
	1083.283883725	157.75	1083.283883725	68.35
	1084.284131865	157.85	1084.284131865	68.32
	1085.284387989	157.87	1085.284387989	68.33
	1086.284667312	157.80	1086.284667312	68.33
	1087.284962737	157.85	1087.284962737	68.26
	1088.285223098	157.85	1088.285223098	68.47
	1089.285464740	157.83	1089.285464740	68.29
	1090.285724574	157.87	1090.285724574	68.40
	1091.285999390	157.86	1091.285999390	68.37
	1092.286252980	157.86	1092.286252980	68.15
	1093.286511637	157.90	1093.286511637	68.25
	1094.290911472	158.50	1094.290911472	68.73
	1095.291145622	157.77	1095.291145622	68.25
	1096.291381125	157.86	1096.291381125	68.30
	1097.292924159	158.06	1097.292924159	68.49
	1098.293226455	157.86	1098.293226455	68.40
	1099.293496851	157.88	1099.293496851	68.55
	1100.293766453	157.82	1100.293766453	68.26
	1101.294009818	157.89	1101.294009818	68.42
	1102.294277854	157.90	1102.294277854	68.47
	1103.294542519	157.86	1103.294542519	68.44
	1104.294785567	157.91	1104.294785567	68.40
	1105.295028697	157.83	1105.295028697	68.43
	1106.295278393	157.96	1106.295278393	68.39
	1107.295548495	157.98	1107.295548495	68.28
	1108.295809766	157.91	1108.295809766	68.08
	1109.296076457	157.91	1109.296076457	68.26
	1110.296346215	157.94	1110.296346215	68.30
	1111.296625194	157.87	1111.296625194	68.43
	1112.296898417	157.95	1112.296898417	68.56
	1113.297194903	157.94	1113.297194903	68.50
	1114.297476769	157.94	1114.297476769	68.53
	1115.297751464	157.87	1115.297751464	68.42
	1116.298005406	157.92	1116.298005406	68.46
	1117.298266566	157.88	1117.298266566	68.37
	1118.298516082	157.94	1118.298516082	68.48
	1119.298773928	157.89	1119.298773928	68.46
	1120.299031355	157.86	1120.299031355	68.31
	1121.299287739	157.93	1121.299287739	68.22
	1122.299555610	157.93	1122.299555610	68.56
	1123.299805175	157.93	1123.299805175	68.46
	1124.300051092	157.99	1124.300051092	68.49
	1125.300312156	157.97	1125.300312156	68.46
	1126.300579104	158.15	1126.300579104	68.23
	1127.300813146	158.00	1127.300813146	68.22
	1128.301078243	157.94	1128.301078243	68.39
	1129.301342953	157.87	1129.301342953	68.37
	1130.301610644	157.99	1130.301610644	68.51
	1131.301863897	157.92	1131.301863897	68.51
	1132.302078518	157.99	1132.302078518	68.54
	1133.302709052	157.98	1133.302709052	68.56
	1134.302943042	157.67	1134.302943042	68.47
	1135.303207349	156.67	1135.303207349	68.28
	1136.303476966	157.23	1136.303476966	68.43
	1137.303764731	157.36	1137.303764731	68.55
	1138.304023555	157.34	1138.304023555	68.36
	1139.304286518	157.36	1139.304286518	68.29
	1140.304570819	157.56	1140.304570819	68.46
	1141.304812566	157.94	1141.304812566	68.50
	1142.305084320	158.01	1142.305084320	68.48
	1143.305358976	157.99	1143.305358976	68.23
	1144.305628638	157.93	1144.305628638	68.21
	1145.305898160	158.01	1145.305898160	68.55
	1146.306157091	158.01	1146.306157091	68.40
	1147.306422007	157.92	1147.306422007	68.41
	1148.306693252	157.98	1148.306693252	68.33
	1149.306935071	157.96	1149.306935071	68.52
	1150.307157930	157.89	1150.307157930	68.50
	1151.307640869	158.00	1151.307640869	68.50
	1152.307956080	157.89	1152.307956080	68.40
	1153.308208982	157.96	1153.308208982	68.58
	1154.308478897	157.90	1154.308478897	68.57
	1155.308773514	157.87	1155.308773514	68.54
	1156.309038116	157.97	1156.309038116	68.42
	1157.309293875	157.43	1157.309293875	68.39
	1158.309556439	157.32	1158.309556439	68.32
	1159.309813794	157.30	1159.309813794	68.38
	1160.310072867	157.21	1160.310072867	68.29
	1161.310315600	157.41	1161.310315600	68.50
	1162.310566342	157.87	1162.310566342	68.45
	1163.310818642	157.94	1163.310818642	68.26
	1164.311077705	157.92	1164.311077705	68.45
	1165.311355573	157.87	1165.311355573	68.48
	1166.311619944	157.88	1166.311619944	68.48
	1167.311888080	156.56	1167.311888080	68.39
	1168.312129153	156.63	1168.312129153	68.30
	1169.312385470	157.95	1169.312385470	68.31
	1170.312649498	157.90	1170.312649498	68.46
	1171.312916068	157.79	1171.312916068	68.20
	1172.313209881	157.91	1172.313209881	68.42
	1173.313485506	157.90	1173.313485506	68.32
	1174.313762036	157.88	1174.313762036	68.20
	1175.314025445	157.91	1175.314025445	68.51
	1176.314291593	157.86	1176.314291593	68.53
	1177.314555208	157.78	1177.314555208	68.29
	1178.314814822	157.94	1178.314814822	68.51
	1179.315133838	157.93	1179.315133838	68.60
	1180.315599459	157.86	1180.315599459	68.49
	1181.315875879	157.92	1181.315875879	68.39
	1182.316145906	158.03	1182.316145906	68.43
	1183.316418117	157.95	1183.316418117	68.44
	1184.316694935	157.92	1184.316694935	68.50
	1185.316960463	157.85	1185.316960463	68.41
	1186.317224148	157.93	1186.317224148	68.32
	1187.317487094	158.22	1187.317487094	68.44
	1188.317757689	157.84	1188.317757689	68.40
	1189.318021168	157.93	1189.318021168	68.46
	1190.318272921	157.90	1190.318272921	68.54
	1191.318584867	157.85	1191.318584867	68.33
	1192.318810311	157.92	1192.318810311	68.45
	1193.319072074	157.92	1193.319072074	68.54
	1194.319337935	157.83	1194.319337935	68.37
	1195.319610160	157.85	1195.319610160	68.52
	1196.319881893	158.00	1196.319881893	68.54
	1197.320135232	157.84	1197.320135232	68.54
	1198.320389158	157.88	1198.320389158	68.49
	1199.320661574	157.97	1199.320661574	68.49
	1200.320932250	157.77	1200.320932250	68.38
	1201.321191555	157.80	1201.321191555	68.50
	1202.321844691	157.95	1202.321844691	68.34
	1203.322071650	157.83	1203.322071650	68.39
	1204.322554748	157.96	1204.322554748	68.35
	1205.322808507	157.82	1205.322808507	68.44
	1206.323080750	157.95	1206.323080750	68.46
	1207.323319637	157.79	1207.323319637	68.42
	1208.323583410	157.78	1208.323583410	68.46
	1209.323827681	157.88	1209.323827681	68.48
	1210.324178382	157.84	1210.324178382	68.49
	1211.324481561	157.75	1211.324481561	68.22
	1212.324765115	158.00	1212.324765115	68.63
	1213.325007937	157.80	1213.325007937	68.49
	1214.325238727	157.77	1214.325238727	68.54
	1215.325499575	157.94	1215.325499575	68.45
	1216.325782349	157.80	1216.325782349	68.38
	1217.326039493	157.78	1217.326039493	68.42
	1218.326284599	157.83	1218.326284599	68.40
	1219.326538828	157.87	1219.326538828	68.38
	1220.326818142	157.78	1220.326818142	68.58
	1221.327082533	157.80	1221.327082533	68.58
	1222.327341663	157.97	1222.327341663	68.40
	1223.327600276	157.76	1223.327600276	68.29
	1224.327813814	157.87	1224.327813814	68.33
	1225.328083464	157.85	1225.328083464	68.26
	1226.328349391	157.80	1226.328349391	68.41
	1227.328624214	157.88	1227.328624214	68.44
	1228.328918936	157.90	1228.328918936	68.53
	1229.329187694	157.78	1229.329187694	68.04
	1230.329492368	157.85	1230.329492368	68.53
	1231.329760810	157.83	1231.329760810	68.35
	1232.330008851	157.78	1232.330008851	68.28
	1233.330284273	157.85	1233.330284273	68.27
	1234.330545861	157.85	1234.330545861	68.30
	1235.330824232	157.74	1235.330824232	68.37
	1236.331094456	157.86	1236.331094456	68.27
	1237.331374729	157.84	1237.331374729	68.41
	1238.331649471	157.78	1238.331649471	68.19
	1239.331912496	157.84	1239.331912496	68.32
	1240.332175249	157.83	1240.332175249	68.45
	1241.332419480	157.75	1241.332419480	68.39
	1242.332682219	157.77	1242.332682219	68.33
	1243.332956228	157.81	1243.332956228	68.36
	1244.333218969	157.85	1244.333218969	68.41
	1245.333486780	157.78	1245.333486780	68.37
	1246.333763636	157.90	1246.333763636	68.44
	1247.334018449	158.04	1247.334018449	68.39
	1248.334270808	157.76	1248.334270808	68.52
	1249.334518390	157.94	1249.334518390	68.33
	1250.334804106	157.77	1250.334804106	68.38
	1251.335063614	157.76	1251.335063614	68.23
	1252.335343237	157.93	1252.335343237	68.35
	1253.335612050	157.77	1253.335612050	68.30
	1254.335881388	157.87	1254.335881388	68.35
	1255.336124982	157.76	1255.336124982	68.28
	1256.336377152	157.86	1256.336377152	68.24
	1257.336638209	157.83	1257.336638209	68.48
	1258.336903151	157.78	1258.336903151	68.48
	1259.337164693	157.81	1259.337164693	68.42
	1260.337453012	157.73	1260.337453012	68.35
	1261.337723853	157.86	1261.337723853	68.44
	1262.338002285	157.83	1262.338002285	68.46
	1263.338284409	157.76	1263.338284409	68.37
	1264.338548479	157.83	1264.338548479	68.43
	1265.338801133	157.83	1265.338801133	68.26
	1266.339053524	157.73	1266.339053524	68.29
	1267.339319508	157.81	1267.339319508	68.20
	1268.339590102	157.80	1268.339590102	68.37
	1269.339904246	157.79	1269.339904246	68.47
	1270.340172043	157.73	1270.340172043	68.44
	1271.340452433	157.80	1271.340452433	68.29
	1272.340705969	157.73	1272.340705969	68.36
	1273.340968938	157.79	1273.340968938	68.47
	1274.341246585	157.78	1274.341246585	68.25
	1275.341521966	157.70	1275.341521966	68.35
	1276.341787584	157.80	1276.341787584	68.28
	1277.342049268	157.76	1277.342049268	68.15
	1278.342322422	157.71	1278.342322422	68.45
	1279.342596364	157.81	1279.342596364	68.48
	1280.342805645	157.78	1280.342805645	68.43
	1281.343058561	157.69	1281.343058561	68.27
	1282.343316701	157.78	1282.343316701	68.26
	1283.343587709	157.74	1283.343587709	68.44
	1284.343810533	157.70	1284.343810533	68.33
	1285.344074516	157.67	1285.344074516	68.18
	1286.344345300	157.84	1286.344345300	68.22
	1287.344606654	157.68	1287.344606654	68.38
	1288.344887982	157.78	1288.344887982	68.39
	1289.345196685	157.76	1289.345196685	68.51
	1290.345462400	157.69	1290.345462400	68.28
	1291.345750162	157.75	1291.345750162	68.41
	1292.346008361	157.77	1292.346008361	68.27
	1293.346277559	157.68	1293.346277559	68.41
	1294.346551895	157.77	1294.346551895	68.43
	1295.346810614	157.67	1295.346810614	68.50
	1296.347059645	157.78	1296.347059645	68.41
	1297.347325245	157.76	1297.347325245	68.51
	1298.347591980	157.66	1298.347591980	68.24
	1299.347815157	157.74	1299.347815157	68.22
	1300.348079468	157.67	1300.348079468	68.19
	1301.348357233	157.76	1301.348357233	68.38
	1302.348631119	157.95	1302.348631119	68.45
	1303.348893607	157.75	1303.348893607	68.45
	1304.349163086	157.65	1304.349163086	68.20
	1305.349431880	157.76	1305.349431880	68.45
	1306.349699171	157.75	1306.349699171	68.35
	1307.349958853	157.65	1307.349958853	68.31
	1308.350248486	158.03	1308.350248486	68.30
	1309.350518428	157.78	1309.350518428	68.24
	1310.350797470	157.70	1310.350797470	68.37
	1311.351041886	157.76	1311.351041886	68.15
	1312.351307531	157.67	1312.351307531	68.35
	1313.351565547	157.79	1313.351565547	68.29
	1314.351812207	157.68	1314.351812207	68.28
	1315.352072329	157.76	1315.352072329	68.22
	1316.352304639	157.30	1316.352304639	68.51
	1317.352534984	156.41	1317.352534984	68.38
	1318.352813085	156.32	1318.352813085	68.38
	1319.353074021	157.42	1319.353074021	68.37
	1320.353340353	157.75	1320.353340353	68.47
	1321.353602383	157.69	1321.353602383	68.47
	1322.354257741	157.86	1322.354257741	68.35
	1323.354509180	157.66	1323.354509180	68.35
	1324.354790628	157.73	1324.354790628	68.42
	1325.355053981	157.64	1325.355053981	68.30
	1326.355324444	157.72	1326.355324444	68.32
	1327.355607879	157.71	1327.355607879	68.29
	1328.355920848	157.73	1328.355920848	68.33
	1329.356162166	157.62	1329.356162166	68.29
	1330.356386032	157.71	1330.356386032	68.49
	1331.356660779	157.62	1331.356660779	68.42
	1332.356931224	157.71	1332.356931224	68.35
	1333.357198659	157.74	1333.357198659	68.44
	1334.357450267	157.70	1334.357450267	68.50
	1335.357712343	157.58	1335.357712343	68.34
	1336.357987346	157.70	1336.357987346	68.16
	1337.358245836	157.59	1337.358245836	68.35
	1338.358508178	157.73	1338.358508178	68.51
	1339.358790468	157.68	1339.358790468	68.41
	1340.359059696	157.63	1340.359059696	68.30
	1341.359332924	157.73	1341.359332924	68.38
	1342.359604738	157.70	1342.359604738	68.15
	1343.359868303	157.61	1343.359868303	68.44
	1344.360121170	157.68	1344.360121170	68.36
	1345.360397572	157.67	1345.360397572	68.19
	1346.360662576	157.62	1346.360662576	68.37
	1347.360925465	157.72	1347.360925465	68.42
	1348.361188855	157.69	1348.361188855	68.27
	1349.361458019	157.63	1349.361458019	68.12
	1350.361713008	157.69	1350.361713008	68.46
	1351.361965640	157.67	1351.361965640	68.46
	1352.362232677	157.64	1352.362232677	68.33
	1353.362484224	157.70	1353.362484224	68.51
	1354.362788596	157.69	1354.362788596	68.48
	1355.363053466	157.62	1355.363053466	68.33
	1356.363312096	157.72	1356.363312096	68.42
	1357.363579029	157.68	1357.363579029	68.41
	1358.363818086	157.62	1358.363818086	68.23
	1359.364091039	157.70	1359.364091039	68.11
	1360.364365039	157.67	1360.364365039	68.56
	1361.364629251	157.66	1361.364629251	68.42
	1362.364903522	157.72	1362.364903522	68.22
	1363.365157759	157.68	1363.365157759	68.56
	1364.365422832	157.60	1364.365422832	68.31
	1365.365691048	157.72	1365.365691048	68.31
	1366.365956130	157.63	1366.365956130	68.37
	1367.366254789	157.58	1367.366254789	68.02
	1368.366525312	157.92	1368.366525312	68.24
	1369.366809334	157.68	1369.366809334	68.29
	1370.367060273	157.61	1370.367060273	68.29
	1371.367328999	157.67	1371.367328999	68.28
	1372.367591373	157.62	1372.367591373	68.43
	1373.367811076	157.56	1373.367811076	68.32
	1374.368061008	157.66	1374.368061008	68.39
	1375.368333302	157.62	1375.368333302	68.28
	1376.368582693	157.58	1376.368582693	68.40
	1377.368815181	157.59	1377.368815181	68.44
	1378.369080849	157.68	1378.369080849	68.23
	1379.369332016	157.55	1379.369332016	68.36
	1380.372299614	158.02	1380.372299614	68.56
	1381.372543183	157.56	1381.372543183	68.14
	1382.372811770	157.66	1382.372811770	68.21
	1383.373072710	157.52	1383.373072710	68.26
	1384.373304545	157.54	1384.373304545	68.25
	1385.373560877	157.62	1385.373560877	68.24
	1386.373868376	157.64	1386.373868376	68.36
	1387.374131583	157.53	1387.374131583	68.13
	1388.374403888	157.61	1388.374403888	68.26
	1389.374658007	157.59	1389.374658007	68.51
	1390.374918408	157.29	1390.374918408	68.35
	1391.375126317	157.70	1391.375126317	68.27
	1392.375365267	157.72	1392.375365267	68.39
	1393.375626909	158.26	1393.375626909	68.19
	1394.375878911	160.39	1394.375878911	67.89
	1395.376079721	152.20	1395.376079721	61.51
	1396.376243015	134.25	1396.376243015	40.64
	1397.376430054	134.41	1397.376430054	47.09
	1398.376679931	133.06	1398.376679931	80.64
	1399.376987497	139.54	1399.376987497	76.79
	1400.377296807	146.68	1400.377296807	80.67
	1401.379217965	142.67	1401.379217965	77.60
	1402.379503676	146.35	1402.379503676	80.00
	1403.379823418	143.06	1403.379823418	78.27
	1404.380142477	145.75	1404.380142477	79.22
	1405.380451954	143.59	1405.380451954	79.35
	1406.380788949	145.09	1406.380788949	78.37
	1407.381040075	144.05	1407.381040075	79.76
	1408.381405611	144.94	1408.381405611	77.90
	1409.382264436	144.58	1409.382264436	80.53
	1410.382590275	144.20	1410.382590275	77.70
	1411.382964037	145.11	1411.382964037	80.44
	1412.383325441	143.79	1412.383325441	77.98
	1413.383696035	145.37	1413.383696035	80.66
	1414.384066065	143.28	1414.384066065	77.79
	1415.384411461	145.85	1415.384411461	80.64
	1416.384774666	142.76	1416.384774666	77.61
	1417.385133333	146.27	1417.385133333	80.71
	1418.385440570	143.75	1418.385440570	78.80
	1419.385703295	133.22	1419.385703295	81.19
	1420.386034924	138.63	1420.386034924	77.00
	1421.386366647	146.60	1421.386366647	81.03
	1422.386694516	142.74	1422.386694516	76.03
	1423.387033328	146.32	1423.387033328	80.38
	1424.387346108	142.53	1424.387346108	77.95
	1425.387713724	145.86	1425.387713724	79.62
	1426.387997445	143.01	1426.387997445	78.60
	1427.388275805	145.36	1427.388275805	78.72
	1428.388539395	143.52	1428.388539395	79.21
	1429.388802196	144.30	1429.388802196	70.22
	1430.389093700	142.90	1430.389093700	78.65
	1431.389417266	145.25	1431.389417266	78.74
	1432.389727133	143.49	1432.389727133	79.50
	1433.390042306	144.81	1433.390042306	78.36
	1434.390341991	143.89	1434.390341991	79.90
	1435.390686841	144.38	1435.390686841	77.70
	1436.391047201	144.42	1436.391047201	80.39
	1437.391381465	143.86	1437.391381465	77.93
	1438.391759404	144.85	1438.391759404	80.42
	1439.392071423	145.88	1439.392071423	78.53
	1440.392325671	135.43	1440.392325671	81.73
	1441.392657193	133.75	1441.392657193	76.62
	1442.393009330	145.84	1442.393009330	80.66
	1443.393369492	141.99	1443.393369492	77.45
	1444.393753262	146.30	1444.393753262	80.60
	1445.394143404	142.16	1445.394143404	77.40
	1446.394504394	146.53	1446.394504394	80.94
	1447.394844630	142.09	1447.394844630	77.46
	1448.395158752	146.36	1448.395158752	80.85
	1449.395463879	141.98	1449.395463879	77.50
	1450.395804444	146.05	1450.395804444	80.19
	1451.396122660	142.48	1451.396122660	78.28
	1452.396451967	145.58	1452.396451967	79.05
	1453.396724388	142.99	1453.396724388	78.86
	1454.397035059	145.14	1454.397035059	78.26
	1455.397337843	143.68	1455.397337843	79.49
	1456.397657451	144.52	1456.397657451	77.69
	1457.397996247	144.17	1457.397996247	80.51
	1458.398288200	144.17	1458.398288200	77.76
	1459.398608442	144.64	1459.398608442	80.37
	1460.398916824	146.81	1460.398916824	78.40
	1461.399149304	135.29	1461.399149304	81.69
	1462.399416097	133.61	1462.399416097	76.80
	1463.399774585	145.72	1463.399774585	80.62
	1464.400158272	142.29	1464.400158272	77.50
	1465.400522083	146.33	1465.400522083	80.95
	1466.400831133	142.32	1466.400831133	77.26
	1467.401158073	146.63	1467.401158073	80.65
	1468.401490597	142.30	1468.401490597	77.53
	1469.401834921	146.58	1469.401834921	80.75
	1470.402161050	142.20	1470.402161050	77.43
	1471.402445659	146.45	1471.402445659	80.41
	1472.402720619	142.53	1472.402720619	77.85
	1473.403050287	146.00	1473.403050287	79.76
	1474.403353679	142.94	1474.403353679	78.74
	1475.403672191	145.45	1475.403672191	78.86
	1476.403981240	143.60	1476.403981240	79.21
	1477.404281865	144.78	1477.404281865	78.10
	1478.404525591	144.04	1478.404525591	80.00
	1479.404845020	144.58	1479.404845020	77.85
	1480.405211143	144.48	1480.405211143	80.43
	1481.405518567	147.39	1481.405518567	78.30
	1482.405745446	135.80	1482.405745446	81.65
	1483.406013036	133.74	1483.406013036	76.48
	1484.406423937	145.64	1484.406423937	80.62
	1485.406813325	142.75	1485.406813325	77.36
	1486.407177764	146.13	1486.407177764	80.90
	1487.407514997	142.56	1487.407514997	77.28
	1488.407840747	146.67	1488.407840747	80.99
	1489.408190355	143.46	1489.408190355	75.74
	1490.408532046	146.50	1490.408532046	80.42
	1491.408845359	142.34	1491.408845359	77.19
	1492.409182984	146.71	1492.409182984	80.83
	1493.409673479	142.33	1493.409673479	77.35
	1494.409919551	146.31	1494.409919551	80.19
	1495.410241861	142.55	1495.410241861	77.84
	1496.410574946	145.94	1496.410574946	79.50
	1497.410853474	143.20	1497.410853474	78.79
	1498.411207203	145.21	1498.411207203	78.90
	1499.411504269	143.66	1499.411504269	79.41
	1500.411805413	144.74	1500.411805413	78.00
	1501.412107914	144.04	1501.412107914	80.20
	1502.412416553	148.06	1502.412416553	78.41
	1503.412657733	135.07	1503.412657733	81.24
	1504.412946913	133.88	1504.412946913	76.95
	1505.413304609	144.94	1505.413304609	80.35
	1506.413663430	143.13	1506.413663430	77.48
	1507.414055037	145.55	1507.414055037	80.36
	1508.414397262	142.62	1508.414397262	77.53
	1509.414773420	146.20	1509.414773420	80.55
	1510.415108512	142.33	1510.415108512	77.30
	1511.415450439	146.52	1511.415450439	80.76
	1512.415806244	142.26	1512.415806244	77.39
	1513.416124800	146.59	1513.416124800	80.63
	1514.416458821	142.27	1514.416458821	77.44
	1515.416763471	146.52	1515.416763471	80.62
	1516.417045462	142.32	1516.417045462	77.41
	1517.417354066	146.07	1517.417354066	79.93
	1518.417652581	142.65	1518.417652581	78.52
	1519.417972311	145.50	1519.417972311	79.15
	1520.423355505	144.05	1520.423355505	79.29
	1521.423659398	144.97	1521.423659398	78.19
	1522.423970665	143.69	1522.423970665	79.77
	1523.424327922	147.83	1523.424327922	78.64
	1524.424587390	135.77	1524.424587390	81.16
	1525.424848207	133.93	1525.424848207	76.82
	1526.425205100	144.57	1526.425205100	80.43
	1527.425561667	143.30	1527.425561667	77.56
	1528.425888823	145.33	1528.425888823	80.68
	1529.426201130	142.94	1529.426201130	77.48
	1530.426548878	145.98	1530.426548878	80.61
	1531.426910283	142.19	1531.426910283	77.41
	1532.427277985	146.39	1532.427277985	80.56
	1533.427625598	142.15	1533.427625598	77.45
	1534.427974799	146.58	1534.427974799	80.91
	1535.428321015	142.34	1535.428321015	77.12
	1536.428683046	146.47	1536.428683046	80.67
	1537.429014668	142.16	1537.429014668	77.52
	1538.429319389	146.19	1538.429319389	80.40
	1539.429626897	142.50	1539.429626897	78.03
	1540.429942105	145.68	1540.429942105	79.46
	1541.430221652	143.00	1541.430221652	78.60
	1542.430548842	145.85	1542.430548842	77.90
	1543.430872367	143.39	1543.430872367	79.45
	1544.431199935	147.61	1544.431199935	78.80
	1545.431467799	136.07	1545.431467799	80.84
	1546.431770159	133.62	1546.431770159	77.02
	1547.432098286	144.39	1547.432098286	80.19
	1548.432445566	143.57	1548.432445566	77.77
	1549.432790467	145.01	1549.432790467	80.46
	1550.433139956	143.84	1550.433139956	76.65
	1551.433495370	145.53	1551.433495370	80.64
	1552.433846248	142.83	1552.433846248	77.47
	1553.434192288	145.89	1553.434192288	80.36
	1554.434543663	142.21	1554.434543663	77.40
	1555.434882751	146.47	1555.434882751	80.63
	1556.435164938	142.30	1556.435164938	77.10
	1557.435506674	146.49	1557.435506674	80.81
	1558.435851036	142.14	1558.435851036	77.34
	1559.436190160	146.51	1559.436190160	80.82
	1560.436542931	142.20	1560.436542931	77.23
	1561.436802550	146.33	1561.436802550	79.50
	1562.437131227	142.41	1562.437131227	77.95
	1563.437447357	145.73	1563.437447357	79.55
	1564.437777976	142.88	1564.437777976	78.75
	1565.438087455	147.54	1565.438087455	79.29
	1566.438348526	137.55	1566.438348526	79.97
	1567.438621087	132.99	1567.438621087	76.78
	1568.438973997	143.70	1568.438973997	80.41
	1569.439854552	144.19	1569.439854552	77.75
	1570.440176137	144.52	1570.440176137	80.34
	1571.440524085	143.57	1571.440524085	77.60
	1572.440849446	145.23	1572.440849446	80.65
	1573.441197009	143.20	1573.441197009	77.57
	1574.441577547	145.58	1574.441577547	80.71
	1575.441948826	142.62	1575.441948826	77.48
	1576.442316062	146.25	1576.442316062	80.62
	1577.442683207	142.28	1577.442683207	77.14
	1578.443040315	146.54	1578.443040315	80.93
	1579.443391711	142.19	1579.443391711	77.50
	1580.443708395	146.65	1580.443708395	80.80
	1581.444107808	142.33	1581.444107808	77.19
	1582.444420155	146.72	1582.444420155	80.61
	1583.444746186	142.19	1583.444746186	77.62
	1584.445069717	146.10	1584.445069717	80.04
	1585.445371841	142.70	1585.445371841	78.20
	1586.445688968	147.38	1586.445688968	79.53
	1587.445950917	138.82	1587.445950917	79.75
	1588.446197542	132.74	1588.446197542	77.48
	1589.446499758	143.60	1589.446499758	80.04
	1590.446849724	144.50	1590.446849724	77.51
	1591.447201640	144.45	1591.447201640	80.38
	1592.447534294	143.86	1592.447534294	77.76
	1593.447903084	144.99	1593.447903084	80.59
	1594.448271457	143.43	1594.448271457	77.85
	1595.448615854	145.51	1595.448615854	80.80
	1596.448959464	143.00	1596.448959464	77.38
	1597.449319649	145.93	1597.449319649	80.30
	1598.449672645	142.61	1598.449672645	77.56
	1599.450006453	146.45	1599.450006453	80.68
	1600.450369965	142.40	1600.450369965	77.63
	1601.450785953	146.71	1601.450785953	80.77
	1602.451142751	142.48	1602.451142751	77.24
	1603.451492913	146.75	1603.451492913	81.00
	1604.451847109	142.31	1604.451847109	77.28
	1605.452176343	146.53	1605.452176343	80.46
	1606.452486001	142.58	1606.452486001	77.70
	1607.452813747	147.34	1607.452813747	79.65
	1608.453042344	126.35	1608.453042344	54.32
	1609.453223019	124.63	1609.453223019	57.32
	1610.453411731	140.17	1610.453411731	64.57
	1611.453686336	146.87	1611.453686336	80.91
	1612.453966143	139.23	1612.453966143	78.45
	1613.454138006	141.99	1613.454138006	66.55
	1614.454394680	145.93	1614.454394680	81.25
	1615.454741505	137.14	1615.454741505	75.33
	1616.454911250	119.78	1616.454911250	56.04
	1617.455089429	127.66	1617.455089429	50.84
	1618.455257194	124.48	1618.455257194	56.43
	1619.455431468	140.44	1619.455431468	64.81
	1620.455750831	148.11	1620.455750831	81.04
	1621.456041787	137.58	1621.456041787	78.05
	1622.456225470	140.20	1622.456225470	64.41
	1623.456441754	146.38	1623.456441754	81.19
	1624.456676232	137.10	1624.456676232	76.49
	1625.456857857	119.32	1625.456857857	55.54
	1626.457030269	128.56	1626.457030269	52.32
	1627.457199701	123.69	1627.457199701	56.70
	1628.457389743	140.15	1628.457389743	63.84
	1629.457682718	147.86	1629.457682718	81.38
	1630.457979431	137.79	1630.457979431	78.30
	1631.458160234	140.63	1631.458160234	64.79
	1632.458396311	146.57	1632.458396311	81.00
	1633.458614134	137.69	1633.458614134	76.72
	1634.458776867	119.02	1634.458776867	55.35
	1635.458956849	129.35	1635.458956849	52.77
	1636.459120826	122.93	1636.459120826	55.95
	1637.459293769	139.98	1637.459293769	63.99
	1638.459559404	147.12	1638.459559404	80.97
	1639.459830859	137.54	1639.459830859	78.80
	1640.460014271	139.83	1640.460014271	64.09
	1641.460244084	146.40	1641.460244084	80.76
	1642.460463710	138.21	1642.460463710	77.94
	1643.460632676	118.66	1643.460632676	54.51
	1644.460777127	130.08	1644.460777127	53.32
	1645.460946820	121.50	1645.460946820	55.40
	1646.461119704	141.37	1646.461119704	63.93
	1647.461348790	147.17	1647.461348790	80.76
	1648.461609614	137.67	1648.461609614	79.38
	1649.461786917	140.24	1649.461786917	64.53
	1650.462029693	146.92	1650.462029693	81.08
	1651.462247067	137.84	1651.462247067	78.38
	1652.462407163	118.62	1652.462407163	54.45
	1653.462578594	129.43	1653.462578594	53.97
	1654.462760742	120.44	1654.462760742	54.58
	1655.462933707	140.16	1655.462933707	63.43
	1656.463139780	147.29	1656.463139780	80.51
	1657.463422931	137.39	1657.463422931	79.61
	1658.463673680	139.98	1658.463673680	64.32
	1659.463940202	145.83	1659.463940202	80.45
	1660.464203119	137.92	1660.464203119	79.27
	1661.464392456	119.55	1661.464392456	54.22
	1662.464555173	131.32	1662.464555173	54.23
	1663.464746973	118.77	1663.464746973	51.86
	1664.464922563	141.01	1664.464922563	64.36
	1665.465119043	146.74	1665.465119043	78.88
	1666.465360797	138.88	1666.465360797	79.71
	1667.465581686	139.33	1667.465581686	64.93
	1668.465764498	146.34	1668.465764498	79.58
	1669.466020709	138.01	1669.466020709	79.79
	1670.466267338	121.08	1670.466267338	55.56
	1671.466441381	132.02	1671.466441381	53.51
	1672.466638442	116.25	1672.466638442	47.84
	1673.466842062	140.82	1673.466842062	66.92
	1674.467021808	145.20	1674.467021808	76.75
	1675.467237241	142.15	1675.467237241	80.25
	1676.467466020	138.28	1676.467466020	67.12
	1677.467639615	145.51	1677.467639615	77.58
	1678.467913819	138.28	1678.467913819	80.08
	1679.468223734	123.18	1679.468223734	57.78
	1680.468392804	131.93	1680.468392804	55.82
	1681.468559385	115.83	1681.468559385	45.98
	1682.468740205	139.47	1682.468740205	67.92
	1683.468924869	144.60	1683.468924869	75.83
	1684.469167791	143.12	1684.469167791	80.22
	1685.469402882	137.38	1685.469402882	67.41
	1686.469589552	145.66	1686.469589552	75.85
	1687.469822900	138.33	1687.469822900	80.20
	1688.470085515	125.04	1688.470085515	59.62
	1689.470249489	132.77	1689.470249489	56.62
	1690.470399585	115.67	1690.470399585	45.10
	1691.470573584	137.56	1691.470573584	66.54
	1692.471171767	143.35	1692.471171767	74.56
	1693.471395694	144.28	1693.471395694	80.60
	1694.471622284	136.29	1694.471622284	68.30
	1695.471794029	143.84	1695.471794029	74.79
	1696.472062634	138.38	1696.472062634	80.30
	1697.472341231	126.88	1697.472341231	61.18
	1698.472525175	130.99	1698.472525175	57.55
	1699.472707242	115.73	1699.472707242	45.71
	1700.472882785	137.19	1700.472882785	65.96
	1701.473069138	143.10	1701.473069138	73.95
	1702.473320542	144.84	1702.473320542	80.55
	1703.473573363	135.95	1703.473573363	68.64
	1704.473786463	143.87	1704.473786463	73.78
	1705.474057889	139.98	1705.474057889	80.39
	1706.474327093	128.67	1706.474327093	62.65
	1707.474499761	131.62	1707.474499761	57.75
	1708.474669569	115.79	1708.474669569	46.03
	1709.474850090	135.56	1709.474850090	64.87
	1710.475055083	143.63	1710.475055083	73.13
	1711.475347386	144.93	1711.475347386	80.45
	1712.475610578	136.27	1712.475610578	70.16
	1713.475793069	143.93	1713.475793069	73.40
	1714.476076605	139.57	1714.476076605	80.45
	1715.476343835	129.57	1715.476343835	63.69
	1716.476512585	131.52	1716.476512585	58.12
	1717.476677840	115.86	1717.476677840	46.25
	1718.476868435	134.57	1718.476868435	64.21
	1719.477054941	142.88	1719.477054941	72.41
	1720.477343825	145.58	1720.477343825	80.68
	1721.477622838	135.76	1721.477622838	70.17
	1722.477787514	142.84	1722.477787514	72.27
	1723.478046218	139.55	1723.478046218	80.45
	1724.478312432	130.41	1724.478312432	64.60
	1725.478480979	130.57	1725.478480979	58.62
	1726.478651827	115.78	1726.478651827	45.58
	1727.478832885	133.61	1727.478832885	63.30
	1728.479021778	143.41	1728.479021778	71.57
	1729.479303516	146.75	1729.479303516	80.93
	1730.479588770	135.83	1730.479588770	71.48
	1731.479793034	143.29	1731.479793034	71.87
	1732.480075891	139.87	1732.480075891	80.48
	1733.480347083	132.05	1733.480347083	66.17
	1734.480516572	131.55	1734.480516572	58.27
	1735.480687676	115.93	1735.480687676	45.61
	1736.480856125	131.92	1736.480856125	62.56
	1737.481035846	143.04	1737.481035846	70.84
	1738.481304255	147.00	1738.481304255	80.87
	1739.481572964	135.83	1739.481572964	72.65
	1740.481768657	142.36	1740.481768657	70.88
	1741.482056829	140.22	1741.482056829	80.64
	1742.482323254	132.44	1742.482323254	67.37
	1743.482480554	131.67	1743.482480554	59.67
	1744.482636954	116.35	1744.482636954	45.78
	1745.482774993	131.73	1745.482774993	62.37
	1746.482961670	142.81	1746.482961670	70.19
	1747.483250683	146.46	1747.483250683	80.74
	1748.483551975	136.90	1748.483551975	73.19
	1749.483755445	142.40	1749.483755445	70.09
	1750.484014095	141.14	1750.484014095	80.72
	1751.484257307	132.61	1751.484257307	68.24
	1752.484421563	129.95	1752.484421563	59.57
	1753.484570156	116.75	1753.484570156	45.55
	1754.484746962	131.48	1754.484746962	61.68
	1755.484937411	142.84	1755.484937411	69.83
	1756.485198563	146.68	1756.485198563	80.76
	1757.485531262	136.73	1757.485531262	73.30
	1758.485697243	142.90	1758.485697243	70.16
	1759.485962027	141.41	1759.485962027	80.82
	1760.486213009	132.92	1760.486213009	68.35
	1761.486367146	129.51	1761.486367146	59.64
	1762.486529986	117.76	1762.486529986	45.92
	1763.486683676	130.65	1763.486683676	61.50
	1764.486863650	141.87	1764.486863650	69.89
	1765.487146461	145.83	1765.487146461	80.87
	1766.487438973	136.13	1766.487438973	73.14
	1767.487616586	141.44	1767.487616586	69.03
	1768.487878324	141.40	1768.487878324	80.46
	1769.488132657	133.93	1769.488132657	69.78
	1770.488297250	128.69	1770.488297250	58.91
	1771.488460157	120.67	1771.488460157	46.24
	1772.488629619	129.17	1772.488629619	60.21
	1773.488788657	141.64	1773.488788657	68.78
	1774.489053812	147.12	1774.489053812	80.77
	1775.489351674	137.03	1775.489351674	74.87
	1776.489564541	141.90	1776.489564541	67.89
	1777.489812848	143.44	1777.489812848	80.75
	1778.490051180	134.27	1778.490051180	70.88
	1779.490248039	126.71	1779.490248039	58.57
	1780.490448517	121.90	1780.490448517	47.54
	1781.490620756	128.27	1781.490620756	59.98
	1782.490791156	142.00	1782.490791156	68.25
	1783.491072464	147.83	1783.491072464	80.98
	1784.491355662	136.66	1784.491355662	74.93
	1785.491529654	141.08	1785.491529654	67.83
	1786.491796385	142.44	1786.491796385	80.48
	1787.492021434	134.66	1787.492021434	72.06
	1788.492213919	125.53	1788.492213919	57.94
