1577445740
	1.000174569	114.90	1.000174569	66.76
	2.000449968	111.75	2.000449968	87.40
	3.000667785	111.79	3.000667785	87.24
	4.000879937	111.85	4.000879937	87.39
	5.001084468	112.09	5.001084468	87.23
	6.001276097	112.42	6.001276097	87.27
	7.001446967	112.86	7.001446967	87.02
	8.001628937	112.48	8.001628937	87.00
	9.002331843	112.78	9.002331843	86.93
	10.002533347	112.84	10.002533347	86.87
	11.002723518	112.67	11.002723518	86.91
	12.002911216	112.50	12.002911216	86.91
	13.003727123	112.71	13.003727123	86.89
	14.003913309	112.51	14.003913309	86.99
	15.004089990	112.57	15.004089990	86.99
	16.004266092	112.60	16.004266092	86.83
	17.004448212	112.68	17.004448212	87.09
	18.004626080	112.70	18.004626080	86.75
	19.004799635	112.84	19.004799635	86.78
	20.004970543	113.72	20.004970543	87.13
	21.005160754	112.78	21.005160754	86.97
	22.005349785	112.78	22.005349785	86.95
	23.005591205	112.95	23.005591205	86.80
	24.005832832	112.93	24.005832832	86.72
	25.006075171	113.06	25.006075171	87.17
	26.006311853	113.01	26.006311853	86.88
	27.006536708	113.01	27.006536708	86.76
	28.006764578	112.54	28.006764578	87.13
	29.007004431	112.05	29.007004431	86.94
	30.007249347	112.30	30.007249347	87.11
	31.007498766	112.49	31.007498766	86.82
	32.007742434	112.35	32.007742434	87.06
	33.007983164	112.55	33.007983164	86.95
	34.008237007	112.57	34.008237007	87.06
	35.008486071	112.76	35.008486071	87.07
	36.008726834	112.66	36.008726834	87.07
	37.008969686	112.93	37.008969686	87.05
	38.009253798	113.53	38.009253798	87.33
	39.009496339	112.77	39.009496339	87.15
	40.009781256	112.72	40.009781256	87.06
	41.010038708	112.99	41.010038708	87.16
	42.010268623	112.86	42.010268623	87.07
	43.010502858	112.84	43.010502858	87.21
	44.010733420	112.92	44.010733420	87.17
	45.010989159	113.01	45.010989159	87.20
	46.011239399	112.89	46.011239399	87.19
	47.011482869	112.89	47.011482869	87.15
	48.011732557	112.90	48.011732557	87.08
	49.011974176	112.82	49.011974176	87.22
	50.012226776	113.18	50.012226776	87.27
	51.012461297	112.83	51.012461297	87.16
	52.012709802	112.62	52.012709802	87.12
	53.012961618	112.46	53.012961618	87.28
	54.013179580	125.00	54.013179580	82.03
	55.013387415	134.47	55.013387415	74.73
	56.013644257	112.95	56.013644257	87.15
	57.015057095	113.48	57.015057095	87.35
	58.015257300	113.44	58.015257300	87.17
	59.015422423	113.52	59.015422423	87.32
	60.015614410	113.62	60.015614410	87.24
	61.015781447	113.80	61.015781447	87.18
	62.015960552	113.77	62.015960552	87.31
	63.016153571	113.73	63.016153571	87.02
	64.016318004	113.73	64.016318004	87.25
	65.016536939	113.91	65.016536939	87.24
	66.016714089	113.82	66.016714089	87.34
	67.016893709	113.74	67.016893709	87.28
	68.017087265	113.88	68.017087265	87.28
	69.017254247	114.23	69.017254247	87.45
	70.017427404	113.85	70.017427404	87.16
	71.017608346	113.87	71.017608346	87.25
	72.017855608	113.81	72.017855608	87.16
	73.018097378	113.86	73.018097378	86.83
	74.018342773	113.92	74.018342773	87.05
	75.018573342	113.78	75.018573342	86.81
	76.018812505	113.97	76.018812505	87.17
	77.019060009	113.95	77.019060009	86.88
	78.019300620	113.90	78.019300620	86.83
	79.019580113	113.90	79.019580113	86.68
	80.019829131	114.90	80.019829131	86.93
	81.020063379	114.00	81.020063379	86.86
	82.020290917	113.45	82.020290917	86.85
	83.020537041	113.13	83.020537041	86.90
	84.020787252	113.26	84.020787252	86.80
	85.021025233	113.20	85.021025233	86.85
	86.021285755	113.07	86.021285755	86.85
	87.021533634	113.18	87.021533634	86.93
	88.021778386	113.18	88.021778386	86.95
	89.022025711	113.25	89.022025711	86.84
	90.022279518	113.33	90.022279518	86.82
	91.022514680	113.19	91.022514680	86.71
	92.022765116	113.37	92.022765116	86.92
	93.023013552	113.34	93.023013552	86.87
	94.023263345	113.16	94.023263345	86.66
	95.023522368	113.48	95.023522368	86.98
	96.023773350	113.16	96.023773350	86.92
	97.024016183	113.42	97.024016183	87.03
	98.024263880	113.45	98.024263880	86.93
	99.024545212	113.46	99.024545212	86.90
	100.024803721	113.86	100.024803721	87.09
	101.025050075	113.28	101.025050075	86.86
	102.025319497	114.50	102.025319497	87.02
	103.025573749	113.26	103.025573749	86.95
	104.025828706	113.03	104.025828706	86.81
	105.026086908	113.02	105.026086908	86.93
	106.026327632	113.07	106.026327632	87.03
	107.026584603	112.78	107.026584603	86.90
	108.026781703	128.33	108.026781703	79.02
	109.026965313	132.35	109.026965313	76.69
	110.027207121	113.23	110.027207121	86.96
	111.027432706	113.51	111.027432706	86.95
	112.027636230	113.60	112.027636230	86.94
	113.027856262	113.88	113.027856262	87.18
	114.028092731	113.83	114.028092731	87.09
	115.028324383	113.92	115.028324383	87.02
	116.028546078	113.85	116.028546078	86.95
	117.028799784	113.93	117.028799784	87.04
	118.029067800	113.97	118.029067800	87.14
	119.029280564	113.92	119.029280564	87.11
	120.029512416	114.09	120.029512416	87.14
	121.029758746	114.05	121.029758746	87.09
	122.029992982	114.12	122.029992982	87.23
	123.030251644	114.14	123.030251644	87.10
	124.030502407	114.10	124.030502407	86.92
	125.030764911	114.11	125.030764911	86.87
	126.031011787	114.21	126.031011787	87.04
	127.031264573	114.26	127.031264573	87.12
	128.031511958	115.65	128.031511958	87.13
	129.031742042	114.38	129.031742042	87.31
	130.031976205	114.42	130.031976205	87.40
	131.032228237	114.39	131.032228237	87.42
	132.032525974	114.23	132.032525974	87.32
	133.032781746	114.22	133.032781746	87.26
	134.033059480	114.35	134.033059480	87.00
	135.033310976	114.29	135.033310976	87.17
	136.033570872	113.53	136.033570872	87.30
	137.033833684	113.47	137.033833684	87.38
	138.034130439	113.18	138.034130439	87.33
	139.034384973	113.30	139.034384973	87.38
	140.034637478	113.74	140.034637478	87.33
	141.034925925	113.74	141.034925925	87.32
	142.035211616	113.24	142.035211616	87.11
	143.035499837	113.24	143.035499837	87.22
	144.035788319	113.30	144.035788319	87.31
	145.036088718	113.19	145.036088718	87.38
	146.036368367	113.12	146.036368367	87.39
	147.036661104	113.20	147.036661104	87.36
	148.036946438	113.23	148.036946438	87.36
	149.037253606	113.10	149.037253606	87.38
	150.037532802	113.06	150.037532802	87.37
	151.037836285	113.10	151.037836285	87.39
	152.038123315	112.91	152.038123315	87.29
	153.038360786	113.12	153.038360786	87.47
	154.038617978	113.26	154.038617978	87.39
	155.038866718	113.40	155.038866718	87.35
	156.039116423	113.04	156.039116423	87.49
	157.039395170	112.79	157.039395170	87.27
	158.039646859	112.86	158.039646859	87.40
	159.039894201	112.98	159.039894201	87.65
	160.040112894	112.74	160.040112894	87.45
	161.040364238	113.20	161.040364238	87.76
	162.040574030	129.29	162.040574030	77.48
	163.040773788	131.47	163.040773788	78.36
	164.041035724	113.22	164.041035724	87.64
	165.041993606	113.25	165.041993606	87.60
	166.042180570	113.29	166.042180570	87.41
	167.042352606	113.22	167.042352606	87.53
	168.042519437	113.33	168.042519437	87.31
	169.042696576	113.44	169.042696576	87.41
	170.042871754	113.53	170.042871754	87.47
	171.043045282	113.45	171.043045282	87.62
	172.043240378	113.61	172.043240378	87.42
	173.043484183	113.60	173.043484183	87.44
	174.043729605	113.73	174.043729605	87.50
	175.044004962	113.78	175.044004962	87.51
	176.044264322	113.65	176.044264322	87.59
	177.044543041	113.68	177.044543041	87.41
	178.044777201	113.62	178.044777201	87.43
	179.045018653	113.57	179.045018653	87.21
	180.045270717	113.82	180.045270717	87.14
	181.045521347	113.76	181.045521347	87.28
	182.045779048	113.76	182.045779048	87.17
	183.046039661	113.81	183.046039661	87.22
	184.046275811	113.62	184.046275811	87.29
	185.046499409	113.76	185.046499409	87.18
	186.046749196	113.83	186.046749196	87.11
	187.046995482	113.51	187.046995482	87.09
	188.047240550	113.58	188.047240550	87.06
	189.047497299	113.64	189.047497299	87.20
	190.048748809	113.25	190.048748809	87.09
	191.049247841	113.31	191.049247841	87.17
	192.049427782	113.61	192.049427782	87.33
	193.049618286	113.13	193.049618286	87.19
	194.049826107	113.39	194.049826107	87.15
	195.050011154	113.25	195.050011154	87.33
	196.050217611	113.17	196.050217611	87.07
	197.050417613	113.41	197.050417613	87.22
	198.050603350	112.89	198.050603350	86.88
	199.050794821	113.31	199.050794821	87.02
	200.050967245	113.09	200.050967245	87.34
	201.051141114	114.11	201.051141114	87.15
	202.051322988	113.04	202.051322988	86.95
	203.051501081	113.30	203.051501081	87.24
	204.051699412	112.89	204.051699412	87.17
	205.051941965	113.00	205.051941965	87.29
	206.052198647	112.95	206.052198647	87.17
	207.052435186	112.96	207.052435186	87.11
	208.052694778	112.86	208.052694778	87.02
	209.052953511	113.01	209.052953511	87.01
	210.053219556	112.86	210.053219556	87.26
	211.053473662	112.83	211.053473662	87.34
	212.053704747	112.81	212.053704747	87.19
	213.053941846	113.06	213.053941846	87.20
	214.054180702	112.84	214.054180702	86.97
	215.054403971	112.65	215.054403971	87.11
	216.054619233	130.44	216.054619233	73.86
	217.054815719	129.66	217.054815719	83.88
	218.055066099	113.26	218.055066099	87.41
	219.055318605	113.19	219.055318605	87.08
	220.055558286	113.12	220.055558286	87.16
	221.055786397	114.16	221.055786397	87.16
	222.056001413	113.86	222.056001413	87.25
	223.056247262	114.05	223.056247262	87.27
	224.056500076	113.75	224.056500076	87.26
	225.056733699	113.70	225.056733699	87.21
	226.056955468	113.57	226.056955468	87.34
	227.057207066	113.72	227.057207066	87.08
	228.057414715	113.53	228.057414715	86.96
	229.057643775	113.73	229.057643775	87.07
	230.057919956	113.76	230.057919956	87.18
	231.058125054	113.72	231.058125054	87.27
	232.058388622	113.60	232.058388622	87.08
	233.058627912	113.68	233.058627912	87.17
	234.058871670	113.83	234.058871670	87.18
	235.059110285	113.69	235.059110285	87.16
	236.059352430	113.79	236.059352430	87.17
	237.059606496	113.75	237.059606496	87.02
	238.059860090	113.62	238.059860090	87.18
	239.060095014	113.80	239.060095014	86.98
	240.060318436	113.71	240.060318436	87.03
	241.060566686	113.76	241.060566686	87.25
	242.060810042	113.87	242.060810042	87.18
	243.061037107	113.72	243.061037107	86.90
	244.061287461	113.05	244.061287461	86.84
	245.061535717	113.07	245.061535717	87.07
	246.061805962	113.10	246.061805962	87.03
	247.062078950	113.04	247.062078950	86.94
	248.062321775	112.91	248.062321775	86.73
	249.062545987	113.08	249.062545987	86.98
	250.062796624	113.12	250.062796624	86.88
	251.063053542	112.97	251.063053542	87.06
	252.063302112	113.11	252.063302112	86.98
	253.063537034	113.36	253.063537034	86.94
	254.063802283	113.46	254.063802283	87.04
	255.064104960	113.19	255.064104960	86.89
	256.064363088	113.09	256.064363088	87.04
	257.064620678	113.20	257.064620678	86.90
	258.064880740	113.12	258.064880740	86.72
	259.065118292	113.06	259.065118292	86.85
	260.065373435	112.97	260.065373435	86.90
	261.065614106	113.61	261.065614106	86.71
	262.065864410	113.56	262.065864410	86.90
	263.066104441	113.06	263.066104441	86.95
	264.066377169	112.96	264.066377169	86.83
	265.066652686	113.09	265.066652686	86.90
	266.066944818	112.92	266.066944818	86.77
	267.067236734	112.77	267.067236734	86.85
	268.067523770	113.01	268.067523770	86.96
	269.067791988	112.76	269.067791988	86.81
	270.068065684	132.83	270.068065684	72.00
	271.068244412	142.03	271.068244412	60.92
	272.068404347	140.50	272.068404347	64.55
	273.068567444	140.45	273.068567444	46.56
	274.068763307	143.34	274.068763307	51.42
	275.068918832	143.22	275.068918832	63.90
	276.069071379	142.72	276.069071379	49.68
	277.069234916	142.91	277.069234916	50.70
	278.069392303	146.76	278.069392303	60.65
	279.069546521	144.56	279.069546521	49.82
	280.069704450	142.83	280.069704450	51.98
	281.069863928	144.38	281.069863928	57.87
	282.070012723	144.11	282.070012723	49.44
	283.070169756	142.62	283.070169756	49.04
	284.070328365	145.83	284.070328365	54.47
	285.070477516	143.74	285.070477516	46.32
	286.070619945	142.66	286.070619945	62.39
	287.070771768	142.51	287.070771768	64.30
	288.070925402	141.67	288.070925402	44.79
	289.071077839	144.00	289.071077839	52.82
	290.071232614	144.43	290.071232614	62.59
	291.071385253	142.41	291.071385253	45.52
	292.071535360	144.10	292.071535360	51.75
	293.071687720	145.02	293.071687720	62.77
	294.071867193	141.25	294.071867193	46.73
	295.072045398	143.75	295.072045398	48.74
	296.072201332	142.21	296.072201332	60.95
	297.072360849	140.56	297.072360849	45.25
	298.072537568	143.47	298.072537568	50.17
	299.072697878	144.28	299.072697878	64.06
	300.072868126	142.52	300.072868126	48.61
	301.073041076	142.23	301.073041076	62.87
	302.073194417	146.25	302.073194417	57.42
	303.073340895	143.44	303.073340895	47.80
	304.073493758	144.84	304.073493758	50.83
	305.073668352	141.80	305.073668352	59.81
	306.073850179	141.93	306.073850179	47.48
	307.074005428	142.70	307.074005428	52.37
	308.074183990	145.68	308.074183990	61.58
	309.074387458	141.69	309.074387458	45.70
	310.074541276	144.76	310.074541276	51.70
	311.074688592	146.50	311.074688592	62.60
	312.074839284	141.32	312.074839284	44.83
	313.075017100	145.26	313.075017100	51.78
	314.075187265	142.40	314.075187265	63.47
	315.075350611	141.11	315.075350611	45.03
	316.075509913	142.70	316.075509913	65.62
	317.075685864	140.86	317.075685864	56.67
	318.075839252	141.20	318.075839252	51.01
	319.075997011	142.80	319.075997011	51.91
	320.076175352	140.85	320.076175352	58.30
	321.076354946	141.41	321.076354946	49.78
	322.076515511	142.35	322.076515511	48.64
	323.076681347	142.36	323.076681347	57.22
	324.076852348	141.97	324.076852348	50.89
	325.077012940	144.32	325.077012940	52.07
	326.077179916	143.17	326.077179916	58.71
	327.077354171	141.92	327.077354171	48.91
	328.077513416	143.82	328.077513416	51.41
	329.077680746	143.74	329.077680746	56.84
	330.077848460	142.66	330.077848460	47.95
	331.078003190	143.98	331.078003190	62.41
	332.078165115	141.71	332.078165115	52.48
	333.078438299	142.75	333.078438299	58.88
	334.078597858	142.91	334.078597858	49.65
	335.078762475	142.87	335.078762475	53.45
	336.078923598	144.38	336.078923598	55.69
	337.079072978	143.76	337.079072978	51.85
	338.079237126	141.99	338.079237126	52.22
	339.079399922	142.38	339.079399922	53.06
	340.079556244	142.48	340.079556244	50.02
	341.079738003	141.37	341.079738003	56.12
	342.079915688	141.59	342.079915688	54.24
	343.080066400	142.88	343.080066400	53.27
	344.080239856	141.64	344.080239856	58.93
	345.080416135	141.80	345.080416135	50.03
	346.080571592	142.05	346.080571592	64.61
	347.080737924	141.91	347.080737924	53.73
	348.080903114	141.03	348.080903114	58.40
	349.081064979	142.62	349.081064979	52.00
	350.081269105	142.20	350.081269105	54.35
	351.081469142	142.67	351.081469142	53.29
	352.081643134	144.31	352.081643134	51.57
	353.081811589	143.86	353.081811589	55.81
	354.081991455	143.47	354.081991455	51.13
	355.082146685	145.20	355.082146685	51.91
	356.082306174	140.51	356.082306174	60.48
	357.082463246	140.69	357.082463246	49.20
	358.082612776	143.20	358.082612776	52.14
	359.085180149	144.23	359.085180149	54.57
	360.085338744	144.29	360.085338744	46.76
	361.085474797	144.35	361.085474797	61.17
	362.086993079	142.41	362.086993079	49.88
	363.087122033	147.29	363.087122033	58.40
	364.087245813	143.69	364.087245813	47.73
	365.087375593	142.18	365.087375593	49.38
	366.087503682	145.19	366.087503682	57.41
	367.087626166	142.76	367.087626166	47.26
	368.087763060	142.56	368.087763060	49.97
	369.087891771	143.70	369.087891771	62.26
	370.088014202	143.55	370.088014202	50.77
	371.088151061	141.08	371.088151061	53.87
	372.088284854	140.73	372.088284854	57.45
	373.088408152	142.40	373.088408152	51.98
	374.088540200	140.99	374.088540200	52.00
	375.088667370	142.23	375.088667370	52.93
	376.088812191	140.55	376.088812191	55.03
	377.088951792	142.26	377.088951792	53.43
	378.089058111	145.30	378.089058111	57.97
	379.089182572	140.20	379.089182572	43.85
	380.089308268	144.43	380.089308268	49.52
	381.089440601	140.71	381.089440601	63.80
	382.089609404	140.76	382.089609404	45.25
	383.089774063	142.39	383.089774063	51.54
	384.089929330	144.98	384.089929330	62.59
	385.090074960	140.76	385.090074960	46.63
	386.090243241	143.75	386.090243241	50.33
	387.090394758	143.42	387.090394758	63.35
	388.090548426	141.64	388.090548426	48.30
	389.090728290	141.90	389.090728290	49.39
	390.090900161	142.79	390.090900161	63.07
	391.091097597	140.80	391.091097597	51.57
	392.091276702	143.09	392.091276702	58.98
	393.091435289	145.25	393.091435289	60.52
	394.091594413	140.98	394.091594413	43.88
	395.091746126	144.67	395.091746126	50.92
	396.091904714	143.15	396.091904714	63.97
	397.092069321	140.68	397.092069321	45.52
	398.092240632	143.18	398.092240632	52.27
	399.092395665	142.86	399.092395665	64.30
	400.092559990	141.76	400.092559990	49.18
	401.092729906	140.77	401.092729906	50.06
	402.092897188	142.91	402.092897188	61.48
	403.093063658	141.70	403.093063658	48.98
	404.093221475	141.85	404.093221475	51.86
	405.093375687	142.81	405.093375687	59.22
	406.093543074	141.19	406.093543074	56.66
	407.093708546	142.31	407.093708546	55.50
	408.093867443	142.11	408.093867443	63.90
	409.094023149	141.23	409.094023149	49.55
	410.094184343	142.31	410.094184343	50.59
	411.094353287	143.35	411.094353287	61.13
	412.094510864	142.48	412.094510864	50.59
	413.094668386	141.78	413.094668386	48.98
	414.094832054	144.73	414.094832054	54.06
	415.094987964	143.17	415.094987964	46.06
	416.095153735	142.22	416.095153735	50.90
	417.095324572	142.88	417.095324572	61.64
	418.095476147	142.26	418.095476147	50.96
	419.095633139	141.48	419.095633139	52.90
	420.095795327	142.96	420.095795327	57.54
	421.095946125	138.22	421.095946125	48.30
	422.096067786	124.21	422.096067786	39.24
	423.096219827	124.12	423.096219827	37.36
	424.096373589	124.28	424.096373589	39.80
	425.096552981	137.75	425.096552981	52.98
	426.096783439	155.76	426.096783439	68.50
	427.097009719	157.01	427.097009719	68.32
	428.097229195	157.88	428.097229195	68.42
	429.097450865	157.97	429.097450865	68.46
	430.097692407	157.89	430.097692407	68.44
	431.097912718	158.02	431.097912718	68.51
	432.098096467	157.92	432.098096467	68.25
	433.098315566	158.00	433.098315566	68.30
	434.098533664	158.01	434.098533664	68.48
	435.098759563	157.86	435.098759563	68.22
	436.098984865	157.88	436.098984865	68.23
	437.099200877	157.90	437.099200877	68.46
	438.099425508	157.98	438.099425508	68.45
	439.099627766	157.92	439.099627766	68.44
	440.099833488	157.87	440.099833488	68.48
	441.100043564	157.72	441.100043564	68.36
	442.100246833	157.99	442.100246833	68.37
	443.100472412	158.16	443.100472412	68.10
	444.100696379	157.83	444.100696379	68.32
	445.100916698	157.86	445.100916698	68.57
	446.101089316	157.75	446.101089316	68.28
	447.101314972	157.80	447.101314972	68.30
	448.101537613	157.76	448.101537613	68.38
	449.101778536	157.84	449.101778536	68.48
	450.102039095	157.72	450.102039095	68.52
	451.102261886	157.85	451.102261886	68.41
	452.102492179	157.90	452.102492179	68.36
	453.102728949	157.81	453.102728949	68.18
	454.102952792	157.84	454.102952792	68.51
	455.103188310	157.79	455.103188310	68.32
	456.103415055	157.88	456.103415055	68.31
	457.103642912	157.81	457.103642912	68.36
	458.103883768	157.86	458.103883768	68.52
	459.104100045	157.83	459.104100045	68.37
	460.104332443	157.78	460.104332443	68.27
	461.104567198	157.86	461.104567198	68.41
	462.104781540	157.93	462.104781540	68.36
	463.104991047	157.97	463.104991047	68.41
	464.105475060	157.89	464.105475060	68.42
	465.105629096	157.87	465.105629096	68.51
	466.105788287	157.77	466.105788287	68.38
	467.105971964	157.81	467.105971964	68.39
	468.106196203	157.86	468.106196203	68.50
	469.106464693	157.90	469.106464693	68.45
	470.106678453	157.77	470.106678453	68.38
	471.106908277	157.86	471.106908277	68.47
	472.107102983	157.83	472.107102983	68.38
	473.107325025	157.89	473.107325025	68.25
	474.107558032	157.88	474.107558032	68.22
	475.107767402	157.81	475.107767402	68.28
	476.108004668	157.91	476.108004668	68.32
	477.108252666	157.92	477.108252666	68.51
	478.108478138	157.82	478.108478138	68.43
	479.108698579	157.87	479.108698579	68.52
	480.108920095	157.90	480.108920095	68.49
	481.109095955	157.90	481.109095955	68.59
	482.109325558	157.80	482.109325558	68.35
	483.109546725	157.85	483.109546725	68.39
	484.109786147	157.92	484.109786147	68.39
	485.110006477	157.82	485.110006477	68.42
	486.110219325	157.83	486.110219325	68.20
	487.110465407	157.92	487.110465407	68.47
	488.110701863	157.90	488.110701863	68.42
	489.110955165	157.84	489.110955165	68.41
	490.111196711	157.89	490.111196711	68.41
	491.111428638	157.88	491.111428638	68.47
	492.111654046	157.81	492.111654046	68.48
	493.111888273	157.86	493.111888273	68.29
	494.112103656	158.00	494.112103656	68.35
	495.112327780	157.84	495.112327780	68.47
	496.112559966	157.84	496.112559966	68.20
	497.112783530	157.99	497.112783530	68.36
	498.113019099	157.83	498.113019099	68.35
	499.113238940	157.87	499.113238940	68.57
	500.113465329	157.93	500.113465329	68.53
	501.113682355	157.86	501.113682355	68.51
	502.113924172	157.81	502.113924172	68.51
	503.114094869	158.31	503.114094869	68.37
	504.114316477	157.99	504.114316477	68.31
	505.114536550	157.85	505.114536550	68.34
	506.114768941	157.84	506.114768941	68.39
	507.115020331	157.88	507.115020331	68.40
	508.115280573	158.01	508.115280573	68.34
	509.115512735	157.81	509.115512735	68.46
	510.115858548	157.84	510.115858548	68.37
	511.116021564	157.99	511.116021564	68.57
	512.116182264	157.84	512.116182264	68.24
	513.116376695	157.79	513.116376695	68.46
	514.116591476	157.82	514.116591476	68.48
	515.116813825	157.99	515.116813825	68.48
	516.117064943	157.85	516.117064943	68.43
	517.117300003	157.84	517.117300003	68.43
	518.117522108	157.96	518.117522108	68.38
	519.117751213	157.81	519.117751213	68.24
	520.117988418	157.81	520.117988418	68.46
	521.118217171	157.83	521.118217171	68.41
	522.118448302	158.02	522.118448302	68.48
	523.118670136	157.83	523.118670136	68.17
	524.118888815	157.85	524.118888815	68.45
	525.119095260	157.92	525.119095260	68.42
	526.119332344	157.99	526.119332344	68.26
	527.119570066	157.86	527.119570066	68.40
	528.119836171	157.97	528.119836171	68.32
	529.120073022	157.93	529.120073022	68.37
	530.120281603	157.86	530.120281603	68.37
	531.120504042	157.87	531.120504042	68.43
	532.120717593	157.99	532.120717593	68.63
	533.120951530	157.84	533.120951530	68.33
	534.121192306	157.84	534.121192306	68.43
	535.121422554	158.02	535.121422554	68.35
	536.121663310	157.81	536.121663310	68.17
	537.121916495	157.86	537.121916495	68.31
	538.122097502	157.89	538.122097502	68.47
	539.122319653	157.97	539.122319653	68.44
	540.122544022	157.81	540.122544022	68.47
	541.122764109	157.85	541.122764109	68.56
	542.122987192	157.92	542.122987192	68.31
	543.123203731	157.91	543.123203731	68.33
	544.123414478	157.82	544.123414478	68.46
	545.123649628	157.91	545.123649628	68.51
	546.123882350	157.92	546.123882350	68.34
	547.124091856	157.88	547.124091856	68.41
	548.124325003	157.83	548.124325003	68.35
	549.124550534	157.98	549.124550534	68.47
	550.124778724	157.83	550.124778724	68.54
	551.125023301	157.87	551.125023301	68.43
	552.125246363	157.84	552.125246363	68.48
	553.125474325	157.98	553.125474325	68.57
	554.125715329	157.82	554.125715329	68.57
	555.125948531	157.79	555.125948531	68.45
	556.126173571	157.96	556.126173571	68.49
	557.126392808	157.82	557.126392808	68.41
	558.126627555	157.85	558.126627555	68.49
	559.126866760	157.90	559.126866760	68.67
	560.127079428	157.88	560.127079428	68.43
	561.127299076	157.81	561.127299076	68.25
	562.127519623	157.78	562.127519623	68.35
	563.127749456	158.18	563.127749456	68.54
	564.127985565	157.97	564.127985565	68.32
	565.128201696	157.82	565.128201696	68.23
	566.128421738	157.85	566.128421738	68.34
	567.128680229	157.89	567.128680229	68.46
	568.128907915	157.81	568.128907915	68.35
	569.129073434	157.79	569.129073434	68.40
	570.129301089	157.88	570.129301089	68.52
	571.129526531	157.90	571.129526531	68.57
	572.129755429	157.82	572.129755429	68.26
	573.129989753	157.90	573.129989753	68.39
	574.130228189	157.94	574.130228189	68.38
	575.130441523	157.82	575.130441523	68.36
	576.130656357	157.88	576.130656357	68.39
	577.130888525	157.85	577.130888525	68.40
	578.131098427	157.88	578.131098427	68.50
	579.131309542	157.85	579.131309542	68.30
	580.131544748	157.88	580.131544748	68.31
	581.131773790	157.91	581.131773790	68.45
	582.132009084	157.98	582.132009084	68.25
	583.132238520	157.94	583.132238520	68.47
	584.132467372	157.79	584.132467372	68.36
	585.132692167	157.90	585.132692167	68.58
	586.132957173	157.80	586.132957173	68.38
	587.133186085	157.86	587.133186085	68.49
	588.133416076	157.93	588.133416076	68.46
	589.133647924	157.82	589.133647924	68.37
	590.133880410	157.91	590.133880410	68.27
	591.134094246	157.85	591.134094246	68.37
	592.134314144	157.93	592.134314144	68.55
	593.134530990	157.84	593.134530990	68.38
	594.134744415	157.86	594.134744415	68.56
	595.134976476	157.88	595.134976476	68.51
	596.135211067	157.81	596.135211067	68.54
	597.135427220	157.90	597.135427220	68.51
	598.135647766	157.85	598.135647766	68.32
	599.135879750	157.87	599.135879750	68.50
	600.136088156	157.88	600.136088156	68.32
	601.136317904	157.86	601.136317904	68.23
	602.136554608	157.86	602.136554608	68.62
	603.136789975	157.82	603.136789975	68.51
	604.137026720	157.89	604.137026720	68.24
	605.137247120	157.80	605.137247120	68.28
	606.137507159	157.89	606.137507159	68.59
	607.137728932	157.87	607.137728932	68.30
	608.137936260	157.83	608.137936260	68.25
	609.138092205	157.79	609.138092205	68.51
	610.138303636	157.89	610.138303636	68.52
	611.138518633	157.93	611.138518633	68.61
	612.138725178	157.84	612.138725178	68.30
	613.138935131	157.97	613.138935131	68.61
	614.139154178	157.81	614.139154178	68.37
	615.139358787	157.86	615.139358787	68.43
	616.139580154	157.83	616.139580154	68.48
	617.139811131	157.90	617.139811131	68.35
	618.140053992	157.89	618.140053992	68.55
	619.140292052	157.83	619.140292052	68.54
	620.140528456	157.91	620.140528456	68.53
	621.140750925	157.85	621.140750925	68.48
	622.140982057	157.93	622.140982057	68.47
	623.141214725	157.93	623.141214725	68.32
	624.141447584	158.30	624.141447584	68.33
	625.141659384	157.89	625.141659384	68.48
	626.141921372	157.85	626.141921372	68.47
	627.142164779	157.92	627.142164779	68.54
	628.142382138	157.85	628.142382138	68.49
	629.142599001	157.89	629.142599001	68.32
	630.142825345	157.92	630.142825345	68.64
	631.143064384	157.83	631.143064384	68.42
	632.143294689	157.83	632.143294689	68.54
	633.143529938	157.91	633.143529938	68.42
	634.143761010	157.96	634.143761010	68.24
	635.143977061	157.94	635.143977061	68.20
	636.144205455	157.86	636.144205455	68.47
	637.144445560	157.96	637.144445560	68.10
	638.144673905	157.88	638.144673905	68.57
	639.144910955	157.90	639.144910955	68.35
	640.145094969	157.83	640.145094969	68.35
	641.145321570	157.97	641.145321570	68.29
	642.145553890	157.87	642.145553890	68.45
	643.145788941	157.98	643.145788941	68.56
	644.146039446	157.94	644.146039446	68.44
	645.146292808	157.87	645.146292808	68.37
	646.146522933	157.94	646.146522933	68.58
	647.146749592	157.95	647.146749592	68.43
	648.146984397	157.90	648.146984397	68.29
	649.147222290	157.87	649.147222290	68.36
	650.147445827	157.94	650.147445827	68.33
	651.147673868	157.95	651.147673868	68.45
	652.147921015	157.89	652.147921015	68.41
	653.148100403	157.99	653.148100403	68.23
	654.148325742	157.97	654.148325742	68.50
	655.148563731	157.88	655.148563731	68.38
	656.148794393	157.93	656.148794393	68.63
	657.149039614	157.91	657.149039614	68.55
	658.149256579	157.98	658.149256579	68.46
	659.149480978	157.94	659.149480978	68.43
	660.149706423	157.89	660.149706423	68.51
	661.149946878	157.97	661.149946878	68.60
	662.150194016	157.89	662.150194016	68.49
	663.150421658	158.00	663.150421658	68.46
	664.150676552	158.03	664.150676552	68.47
	665.150908614	157.53	665.150908614	68.62
	666.151103025	156.61	666.151103025	68.51
	667.151349037	156.52	667.151349037	68.46
	668.151597746	156.59	668.151597746	68.53
	669.151840316	156.60	669.151840316	68.45
	670.152059329	156.51	670.152059329	68.64
	671.152258306	156.60	671.152258306	68.47
	672.152486036	157.19	672.152486036	68.24
	673.152710025	158.05	673.152710025	68.49
	674.152951161	157.97	674.152951161	68.29
	675.153187392	158.06	675.153187392	68.44
	676.153426387	158.06	676.153426387	68.48
	677.153674236	158.01	677.153674236	68.37
	678.153905072	158.05	678.153905072	68.08
	679.154099726	158.04	679.154099726	68.32
	680.154318730	157.94	680.154318730	68.11
	681.154539777	157.96	681.154539777	68.23
	682.154773734	158.05	682.154773734	68.56
	683.154978737	158.06	683.154978737	68.48
	684.155220964	158.45	684.155220964	68.38
	685.155422134	158.10	685.155422134	68.41
	686.155618951	158.03	686.155618951	68.48
	687.155863562	158.04	687.155863562	68.42
	688.156105830	157.99	688.156105830	68.47
	689.156333769	158.06	689.156333769	68.22
	690.156576037	158.05	690.156576037	68.37
	691.156814275	158.02	691.156814275	68.34
	692.157052069	158.07	692.157052069	68.46
	693.157271768	158.01	693.157271768	68.35
	694.157493233	158.10	694.157493233	68.54
	695.157727420	158.02	695.157727420	68.36
	696.157958625	158.10	696.157958625	68.21
	697.158194639	158.09	697.158194639	68.30
	698.158419393	157.99	698.158419393	68.28
	699.158646464	158.09	699.158646464	68.18
	700.158865613	158.06	700.158865613	68.30
	701.159067550	158.02	701.159067550	68.27
	702.159298647	158.24	702.159298647	68.38
	703.159572217	158.12	703.159572217	68.40
	704.159813134	158.08	704.159813134	68.42
	705.160045299	157.99	705.160045299	68.16
	706.160252704	158.15	706.160252704	68.36
	707.160470476	157.94	707.160470476	68.14
	708.160702387	158.07	708.160702387	68.33
	709.160925040	158.12	709.160925040	68.30
	710.161101234	158.02	710.161101234	68.29
	711.161314905	158.07	711.161314905	68.28
	712.161551407	157.99	712.161551407	68.24
	713.161775012	158.01	713.161775012	68.37
	714.162001134	158.10	714.162001134	68.45
	715.162235174	157.95	715.162235174	68.29
	716.162457989	158.05	716.162457989	68.27
	717.162697849	157.93	717.162697849	68.16
	718.162923359	158.04	718.162923359	68.30
	719.163174404	157.92	719.163174404	68.18
	720.163406380	158.00	720.163406380	68.17
	721.163632425	158.01	721.163632425	68.08
	722.163870168	157.97	722.163870168	68.18
	723.164100861	157.91	723.164100861	68.04
	724.164334645	157.99	724.164334645	68.14
	725.164566793	157.95	725.164566793	68.08
	726.164803058	157.94	726.164803058	67.94
	727.165060521	158.07	727.165060521	67.91
	728.165282739	157.97	728.165282739	67.97
	729.165501795	157.93	729.165501795	68.08
	730.165722740	158.02	730.165722740	68.06
	731.165950046	158.00	731.165950046	68.08
	732.166190584	157.95	732.166190584	67.94
	733.166427995	158.04	733.166427995	67.96
	734.166664926	157.92	734.166664926	67.87
	735.166899476	157.98	735.166899476	67.99
	736.167093135	157.31	736.167093135	67.73
	737.167321483	157.35	737.167321483	68.10
	738.167558465	157.98	738.167558465	68.01
	739.167779791	157.91	739.167779791	67.78
	740.167998041	157.96	740.167998041	68.02
	741.168212443	158.12	741.168212443	67.99
	742.168442754	158.14	742.168442754	67.76
	743.168680473	158.01	743.168680473	67.92
	744.168910430	158.07	744.168910430	67.81
	745.169095531	158.60	745.169095531	67.90
	746.169331242	158.03	746.169331242	67.86
	747.169560889	158.10	747.169560889	67.95
	748.169781783	158.17	748.169781783	67.82
	749.169996089	158.04	749.169996089	67.91
	750.170226676	158.07	750.170226676	67.66
	751.170472864	158.15	751.170472864	67.78
	752.170707769	157.77	752.170707769	67.63
	753.170950065	157.65	753.170950065	67.86
	754.171194293	157.69	754.171194293	67.78
	755.171420544	157.71	755.171420544	67.67
	756.171654359	157.61	756.171654359	67.77
	757.171861819	157.77	757.171861819	67.84
	758.172068658	158.02	758.172068658	67.74
	759.172261971	158.16	759.172261971	67.93
	760.172487710	158.07	760.172487710	67.65
	761.172713687	158.18	761.172713687	67.85
	762.172979060	158.15	762.172979060	67.66
	763.173216283	158.05	763.173216283	67.80
	764.173450504	158.06	764.173450504	67.67
	765.173672420	158.23	765.173672420	67.84
	766.173906795	158.08	766.173906795	67.73
	767.174110460	158.12	767.174110460	67.58
	768.174320845	158.14	768.174320845	67.77
	769.174544034	158.16	769.174544034	67.75
	770.174795666	158.09	770.174795666	67.70
	771.175047756	158.15	771.175047756	67.78
	772.175280544	158.10	772.175280544	67.66
	773.175505969	158.03	773.175505969	67.78
	774.175746225	158.13	774.175746225	67.68
	775.175996286	158.05	775.175996286	67.73
	776.176227764	158.17	776.176227764	67.61
	777.176473160	158.09	777.176473160	67.55
	778.176709452	158.02	778.176709452	67.74
	779.176933784	157.95	779.176933784	67.75
	780.177178156	157.90	780.177178156	67.73
	781.177444507	157.82	781.177444507	67.71
	782.177678753	157.09	782.177678753	67.77
	783.177954605	157.95	783.177954605	67.75
	784.178188682	158.09	784.178188682	67.70
	785.178424110	158.00	785.178424110	67.66
	786.178656169	158.10	786.178656169	67.57
	787.178891456	157.99	787.178891456	67.67
	788.179102902	157.99	788.179102902	67.65
	789.179339937	158.03	789.179339937	67.73
	790.179562608	157.94	790.179562608	67.67
	791.179788779	158.06	791.179788779	67.56
	792.180041772	158.03	792.180041772	67.66
	793.180230483	157.96	793.180230483	67.56
	794.180468222	157.93	794.180468222	67.57
	795.180695273	158.00	795.180695273	67.72
	796.180924009	158.00	796.180924009	67.53
	797.181158222	157.90	797.181158222	67.48
	798.181388100	158.02	798.181388100	67.68
	799.181614382	158.06	799.181614382	67.60
	800.181847268	157.89	800.181847268	67.69
	801.182106716	158.01	801.182106716	67.66
	802.182321476	157.97	802.182321476	67.50
	803.182568063	158.02	803.182568063	67.74
	804.182807859	157.96	804.182807859	67.70
	805.183056634	158.50	805.183056634	67.77
	806.183274021	158.01	806.183274021	67.63
	807.183501671	158.01	807.183501671	67.66
	808.183732686	158.03	808.183732686	67.75
	809.183959458	158.03	809.183959458	67.76
	810.184185387	157.89	810.184185387	67.53
	811.184416234	157.90	811.184416234	67.68
	812.184652488	158.01	812.184652488	67.59
	813.184882547	157.97	813.184882547	67.70
	814.185094041	157.92	814.185094041	67.53
	815.185317093	158.02	815.185317093	67.74
	816.185538878	158.06	816.185538878	67.58
	817.185772675	157.96	817.185772675	67.56
	818.186010359	157.94	818.186010359	67.57
	819.186249145	158.07	819.186249145	67.55
	820.186493961	157.95	820.186493961	67.63
	821.186756686	158.06	821.186756686	67.48
	822.186991765	158.06	822.186991765	67.52
	823.187226759	157.95	823.187226759	67.72
	824.187454912	157.94	824.187454912	67.73
	825.187715433	157.98	825.187715433	67.65
	826.187921351	158.01	826.187921351	67.71
	827.188164393	157.92	827.188164393	67.64
	828.188398474	157.96	828.188398474	67.68
	829.188632328	158.11	829.188632328	67.77
	830.188865022	158.10	830.188865022	67.75
	831.189105664	157.97	831.189105664	67.55
	832.189333477	158.02	832.189333477	67.63
	833.189577299	158.00	833.189577299	67.56
	834.189809433	157.95	834.189809433	67.62
	835.190062451	157.99	835.190062451	67.67
	836.190275687	158.13	836.190275687	67.60
	837.190505972	157.99	837.190505972	67.58
	838.190739435	157.98	838.190739435	67.59
	839.190980342	158.07	839.190980342	67.49
	840.191240633	158.08	840.191240633	67.58
	841.191458646	158.00	841.191458646	67.81
	842.191676803	158.09	842.191676803	67.46
	843.191918262	158.07	843.191918262	67.53
	844.192096819	157.99	844.192096819	67.66
	845.192339934	157.96	845.192339934	67.35
	846.192561602	158.09	846.192561602	67.59
	847.192768553	158.03	847.192768553	67.80
	848.192993329	157.99	848.192993329	67.51
	849.193204206	158.09	849.193204206	67.66
	850.193429214	157.95	850.193429214	67.54
	851.193658195	158.11	851.193658195	67.84
	852.193902046	158.03	852.193902046	67.60
	853.194096137	158.10	853.194096137	67.90
	854.194315751	158.11	854.194315751	67.80
	855.194531433	158.06	855.194531433	67.74
	856.194762374	158.13	856.194762374	67.71
	857.194970127	158.00	857.194970127	67.77
	858.195208409	158.06	858.195208409	67.74
	859.195473934	158.02	859.195473934	67.67
	860.195689525	158.13	860.195689525	67.84
	861.195888378	158.14	861.195888378	67.74
	862.196103664	158.08	862.196103664	67.87
	863.196330060	158.19	863.196330060	67.67
	864.196564308	158.09	864.196564308	67.62
	865.196814002	158.17	865.196814002	67.85
	866.197053801	158.51	866.197053801	67.58
	867.197276300	158.02	867.197276300	67.41
	868.197520484	158.08	868.197520484	67.82
	869.197738507	158.04	869.197738507	67.78
	870.197980891	158.09	870.197980891	67.86
	871.198216605	158.11	871.198216605	67.74
	872.198437310	157.99	872.198437310	67.77
	873.198663618	158.12	873.198663618	67.77
	874.198893937	158.05	874.198893937	67.71
	875.199096085	158.13	875.199096085	67.71
	876.199320975	158.03	876.199320975	67.71
	877.199563031	158.15	877.199563031	67.67
	878.199807294	158.13	878.199807294	67.64
	879.200072624	158.05	879.200072624	67.68
	880.200301788	158.12	880.200301788	67.76
	881.200529719	158.11	881.200529719	67.97
	882.200744084	158.02	882.200744084	67.79
	883.200979409	158.04	883.200979409	67.78
	884.201222932	158.17	884.201222932	67.96
	885.201456597	158.11	885.201456597	67.97
	886.201689510	157.99	886.201689510	67.72
	887.201912020	158.10	887.201912020	67.80
	888.202101491	158.10	888.202101491	67.87
	889.202344827	157.99	889.202344827	67.74
	890.202565570	157.96	890.202565570	67.79
	891.202800762	158.08	891.202800762	67.83
	892.203042679	158.06	892.203042679	67.80
	893.203264124	158.01	893.203264124	67.83
	894.203503004	158.07	894.203503004	67.98
	895.203731390	158.05	895.203731390	67.88
	896.203966890	158.00	896.203966890	67.66
	897.204184277	157.97	897.204184277	67.93
	898.204390754	158.13	898.204390754	67.94
	899.204654279	158.01	899.204654279	67.79
	900.204894032	157.98	900.204894032	68.03
	901.205094826	158.09	901.205094826	68.03
	902.205327445	158.05	902.205327445	67.93
	903.205557185	157.98	903.205557185	67.88
	904.205801303	158.07	904.205801303	67.85
	905.206037265	158.05	905.206037265	67.68
	906.206269553	157.97	906.206269553	67.86
	907.206512064	158.04	907.206512064	68.01
	908.206752335	158.05	908.206752335	68.03
	909.206986157	157.99	909.206986157	67.95
	910.207221129	157.98	910.207221129	67.94
	911.207441326	158.08	911.207441326	67.94
	912.207683940	158.02	912.207683940	67.78
	913.207920884	157.98	913.207920884	67.90
	914.208093992	158.07	914.208093992	68.01
	915.208317678	158.02	915.208317678	68.03
	916.208545900	157.95	916.208545900	67.86
	917.208768322	158.05	917.208768322	68.23
	918.209038963	157.94	918.209038963	68.02
	919.209261251	157.97	919.209261251	68.13
	920.209496753	157.21	920.209496753	68.08
	921.209735392	157.29	921.209735392	68.05
	922.209972631	157.25	922.209972631	67.88
	923.210207914	157.90	923.210207914	68.01
	924.210442939	157.99	924.210442939	67.89
	925.210671475	157.88	925.210671475	68.14
	926.210925793	158.48	926.210925793	68.06
	927.211168416	157.94	927.211168416	68.07
	928.211393877	158.00	928.211393877	68.03
	929.211602635	158.01	929.211602635	67.96
	930.211828870	157.96	930.211828870	67.91
	931.212064746	158.01	931.212064746	68.01
	932.212299648	158.02	932.212299648	68.13
	933.212556751	157.88	933.212556751	67.95
	934.212770507	157.87	934.212770507	68.08
	935.213018269	158.07	935.213018269	68.16
	936.213257399	157.92	936.213257399	68.10
	937.213491456	157.93	937.213491456	68.06
	938.213747161	158.01	938.213747161	67.87
	939.213977965	157.61	939.213977965	68.01
	940.214211780	157.97	940.214211780	68.08
	941.214422527	158.13	941.214422527	68.05
	942.214667150	158.04	942.214667150	68.18
	943.214917420	157.87	943.214917420	68.15
	944.215089977	157.90	944.215089977	68.16
	945.215308423	157.92	945.215308423	68.16
	946.215536784	157.95	946.215536784	68.20
	947.215770174	157.83	947.215770174	68.16
	948.216001975	157.52	948.216001975	68.22
	949.216230163	156.51	949.216230163	68.29
	950.216458386	156.41	950.216458386	68.00
	951.216696541	156.16	951.216696541	68.32
	952.216948215	156.57	952.216948215	68.16
	953.217183714	156.40	953.217183714	68.03
	954.217427391	156.41	954.217427391	68.08
	955.217658661	156.44	955.217658661	68.03
	956.217895695	157.84	956.217895695	68.07
	957.218166097	157.90	957.218166097	68.17
	958.218399119	157.89	958.218399119	68.33
	959.218622936	158.03	959.218622936	68.28
	960.218856097	157.89	960.218856097	68.32
	961.219087550	157.88	961.219087550	68.08
	962.219316262	157.93	962.219316262	68.27
	963.219563868	157.96	963.219563868	68.21
	964.219786036	157.78	964.219786036	68.22
	965.220018062	157.78	965.220018062	68.41
	966.220251387	157.96	966.220251387	68.08
	967.220501662	157.85	967.220501662	68.11
	968.220750657	157.84	968.220750657	68.15
	969.220995429	157.98	969.220995429	68.41
	970.221236740	157.84	970.221236740	68.13
	971.221471416	157.80	971.221471416	68.18
	972.221707339	158.04	972.221707339	68.38
	973.221950946	157.87	973.221950946	68.36
	974.222187265	157.86	974.222187265	68.22
	975.222405551	157.94	975.222405551	68.41
	976.222647073	157.94	976.222647073	68.39
	977.222918366	157.85	977.222918366	68.08
	978.223148836	157.87	978.223148836	68.26
	979.223371753	158.00	979.223371753	68.16
	980.223606691	157.84	980.223606691	68.29
	981.223853739	157.80	981.223853739	68.32
	982.224088939	157.98	982.224088939	68.33
	983.224318253	157.82	983.224318253	68.28
	984.224553071	157.81	984.224553071	68.08
	985.224781304	157.83	985.224781304	68.19
	986.225009842	158.26	986.225009842	68.06
	987.225224138	157.96	987.225224138	68.24
	988.225449483	157.80	988.225449483	68.39
	989.225690359	157.98	989.225690359	68.43
	990.225926218	157.83	990.225926218	68.18
	991.226159382	157.79	991.226159382	68.41
	992.226371437	157.86	992.226371437	68.45
	993.226615233	157.91	993.226615233	68.43
	994.226856403	157.81	994.226856403	68.54
	995.227086763	157.81	995.227086763	68.39
	996.227335384	157.87	996.227335384	68.29
	997.227564020	157.79	997.227564020	68.23
	998.227794866	157.81	998.227794866	68.49
	999.228042027	157.96	999.228042027	68.52
	1000.228272175	157.78	1000.228272175	68.15
	1001.228521185	157.81	1001.228521185	68.23
	1002.228766087	157.93	1002.228766087	68.28
	1003.229007209	157.79	1003.229007209	68.26
	1004.229227697	157.77	1004.229227697	68.27
	1005.229454954	157.78	1005.229454954	68.37
	1006.229677216	157.94	1006.229677216	68.39
	1007.229907527	157.74	1007.229907527	68.46
	1008.230109449	157.75	1008.230109449	68.34
	1009.230346833	157.88	1009.230346833	68.54
	1010.230580773	157.74	1010.230580773	68.50
	1011.230822163	157.70	1011.230822163	68.32
	1012.231065331	157.83	1012.231065331	68.33
	1013.231289833	157.82	1013.231289833	68.39
	1014.231509558	157.70	1014.231509558	68.20
	1015.231722540	157.73	1015.231722540	68.42
	1016.231976722	157.89	1016.231976722	68.65
	1017.232203158	157.74	1017.232203158	68.44
	1018.232407592	157.71	1018.232407592	68.35
	1019.232634912	157.83	1019.232634912	68.33
	1020.232863028	157.81	1020.232863028	68.34
	1021.233103476	156.63	1021.233103476	68.55
	1022.233333374	156.71	1022.233333374	68.28
	1023.233581862	157.90	1023.233581862	68.51
	1024.233825096	157.72	1024.233825096	68.39
	1025.234074429	157.72	1025.234074429	68.36
	1026.234302065	157.88	1026.234302065	68.31
	1027.234539371	157.68	1027.234539371	68.48
	1028.234779303	157.70	1028.234779303	68.39
	1029.235040436	157.79	1029.235040436	68.42
	1030.235266254	157.80	1030.235266254	68.26
	1031.235503806	157.72	1031.235503806	68.34
	1032.235735678	157.68	1032.235735678	68.22
	1033.235971356	157.85	1033.235971356	68.48
	1034.236201875	157.65	1034.236201875	68.07
	1035.236466197	157.66	1035.236466197	68.42
	1036.236690456	157.74	1036.236690456	68.56
	1037.236922418	157.72	1037.236922418	68.35
	1038.237168878	157.66	1038.237168878	68.36
	1039.237389808	157.66	1039.237389808	68.38
	1040.237623768	157.79	1040.237623768	68.53
	1041.237860185	157.67	1041.237860185	68.65
	1042.238075849	157.66	1042.238075849	68.42
	1043.238298643	157.78	1043.238298643	68.38
	1044.238542970	157.66	1044.238542970	68.30
	1045.238785952	157.63	1045.238785952	68.19
	1046.239003385	157.84	1046.239003385	68.37
	1047.239209217	158.12	1047.239209217	68.36
	1048.239437316	157.64	1048.239437316	68.38
	1049.239670927	157.62	1049.239670927	68.45
	1050.239908660	157.83	1050.239908660	68.46
	1051.240101139	157.67	1051.240101139	68.33
	1052.240346027	157.64	1052.240346027	68.45
	1053.240586009	157.65	1053.240586009	68.44
	1054.240877357	157.80	1054.240877357	68.54
	1055.241094738	157.60	1055.241094738	68.47
	1056.241332612	157.59	1056.241332612	68.28
	1057.241557117	157.69	1057.241557117	68.50
	1058.241774735	157.50	1058.241774735	68.53
	1059.242028909	157.58	1059.242028909	68.32
	1060.242257071	157.74	1060.242257071	68.33
	1061.242475351	157.74	1061.242475351	68.50
	1062.242714430	157.56	1062.242714430	68.48
	1063.242932480	157.66	1063.242932480	68.41
	1064.243173117	157.71	1064.243173117	68.58
	1065.243399928	157.60	1065.243399928	68.30
	1066.243644307	157.63	1066.243644307	68.18
	1067.243890060	157.79	1067.243890060	68.24
	1068.244104091	157.60	1068.244104091	68.50
	1069.244334335	157.59	1069.244334335	68.17
	1070.244564131	157.75	1070.244564131	68.51
	1071.244793871	157.62	1071.244793871	68.42
	1072.245052039	157.61	1072.245052039	68.31
	1073.245290915	157.67	1073.245290915	68.45
	1074.245552825	157.65	1074.245552825	68.31
	1075.245781885	157.57	1075.245781885	68.36
	1076.246016993	157.56	1076.246016993	68.50
	1077.246247585	157.77	1077.246247585	68.41
	1078.246468965	157.53	1078.246468965	68.34
	1079.246706495	157.52	1079.246706495	68.48
	1080.246949804	157.70	1080.246949804	68.40
	1081.247190751	157.56	1081.247190751	68.47
	1082.247419339	157.58	1082.247419339	68.26
	1083.247653164	157.58	1083.247653164	68.50
	1084.247887491	157.71	1084.247887491	68.63
	1085.248096124	157.49	1085.248096124	68.65
	1086.248318696	157.53	1086.248318696	68.37
	1087.248546283	157.71	1087.248546283	68.48
	1088.248790848	157.54	1088.248790848	68.52
	1089.249045593	157.45	1089.249045593	68.32
	1090.249322114	157.71	1090.249322114	68.48
	1091.249520785	157.49	1091.249520785	68.52
	1092.249767685	157.52	1092.249767685	68.39
	1093.249999558	157.70	1093.249999558	68.42
	1094.250239668	157.54	1094.250239668	68.34
	1095.250475699	157.52	1095.250475699	68.46
	1096.250714619	157.52	1096.250714619	68.39
	1097.250958917	157.66	1097.250958917	68.47
	1098.251210536	157.52	1098.251210536	68.56
	1099.251450744	157.47	1099.251450744	68.50
	1100.251700789	157.54	1100.251700789	68.67
	1101.251945495	157.55	1101.251945495	68.64
	1102.252195354	157.50	1102.252195354	68.59
	1103.252432058	157.56	1103.252432058	68.47
	1104.252655883	157.54	1104.252655883	68.29
	1105.252873085	157.45	1105.252873085	68.30
	1106.253095831	157.51	1106.253095831	68.31
	1107.253327161	157.99	1107.253327161	68.29
	1108.253548474	157.56	1108.253548474	68.39
	1109.253776725	157.53	1109.253776725	68.49
	1110.254008615	157.55	1110.254008615	68.57
	1111.254232140	157.55	1111.254232140	68.37
	1112.254454991	157.47	1112.254454991	68.36
	1113.254712421	157.47	1113.254712421	68.31
	1114.254943226	157.63	1114.254943226	68.47
	1115.255180259	157.52	1115.255180259	68.50
	1116.255412414	157.46	1116.255412414	68.36
	1117.255635672	157.47	1117.255635672	68.52
	1118.255862089	157.62	1118.255862089	68.48
	1119.256062799	157.43	1119.256062799	68.41
	1120.256285073	157.42	1120.256285073	68.53
	1121.256524158	157.64	1121.256524158	68.61
	1122.256771968	157.46	1122.256771968	68.58
	1123.257007196	157.47	1123.257007196	68.53
	1124.257222103	157.62	1124.257222103	68.53
	1125.257464817	157.55	1125.257464817	68.61
	1126.257721516	157.47	1126.257721516	68.57
	1127.257978749	157.48	1127.257978749	68.46
	1128.258208477	157.65	1128.258208477	68.31
	1129.258444360	157.47	1129.258444360	68.30
	1130.258668284	157.46	1130.258668284	68.28
	1131.258901703	157.63	1131.258901703	68.41
	1132.259098698	157.44	1132.259098698	68.25
	1133.259352988	157.47	1133.259352988	68.29
	1134.259579513	157.47	1134.259579513	68.37
	1135.259797797	157.66	1135.259797797	68.42
	1136.260011143	157.48	1136.260011143	68.41
	1137.260240939	157.46	1137.260240939	68.40
	1138.260482641	157.59	1138.260482641	68.56
	1139.260710295	157.42	1139.260710295	68.40
	1140.260950153	157.48	1140.260950153	68.45
	1141.261180318	157.61	1141.261180318	68.35
	1142.261415398	157.43	1142.261415398	68.29
	1143.261651634	157.43	1143.261651634	68.46
	1144.261883764	157.43	1144.261883764	68.28
	1145.262096018	157.64	1145.262096018	68.26
	1146.262311685	157.45	1146.262311685	68.37
	1147.262515119	157.47	1147.262515119	68.25
	1148.262740850	157.49	1148.262740850	68.46
	1149.262965292	157.57	1149.262965292	68.49
	1150.263185408	157.43	1150.263185408	68.60
	1151.263395096	157.52	1151.263395096	68.60
	1152.263663853	157.57	1152.263663853	68.43
	1153.263891891	157.48	1153.263891891	68.29
	1154.264107450	157.49	1154.264107450	68.26
	1155.264336441	157.67	1155.264336441	68.20
	1156.264568409	157.48	1156.264568409	68.16
	1157.264798203	157.48	1157.264798203	68.43
	1158.265014587	157.54	1158.265014587	68.46
	1159.265251804	157.54	1159.265251804	68.53
	1160.265471780	157.48	1160.265471780	68.46
	1161.265693747	157.49	1161.265693747	68.35
	1162.265925959	157.53	1162.265925959	68.43
	1163.266082757	157.64	1163.266082757	68.53
	1164.266299823	157.47	1164.266299823	68.38
	1165.266524585	157.47	1165.266524585	68.21
	1166.266748809	157.60	1166.266748809	68.30
	1167.266980863	157.58	1167.266980863	68.36
	1168.267211345	157.80	1168.267211345	68.33
	1169.267450698	157.59	1169.267450698	68.58
	1170.267670253	157.61	1170.267670253	68.50
	1171.267908475	157.48	1171.267908475	68.55
	1172.268159717	157.58	1172.268159717	68.39
	1173.268403847	157.60	1173.268403847	68.45
	1174.268632203	157.53	1174.268632203	68.41
	1175.268858579	157.51	1175.268858579	68.44
	1176.269081956	157.60	1176.269081956	68.40
	1177.269306909	157.57	1177.269306909	68.60
	1178.269542471	157.49	1178.269542471	68.31
	1179.269766244	157.59	1179.269766244	68.52
	1180.269999536	157.60	1180.269999536	68.37
	1181.270255263	157.68	1181.270255263	68.60
	1182.270474460	157.58	1182.270474460	68.31
	1183.270717501	157.58	1183.270717501	68.29
	1184.270954146	157.66	1184.270954146	68.48
	1185.271194531	157.54	1185.271194531	68.54
	1186.271425858	157.60	1186.271425858	68.50
	1187.271644913	157.60	1187.271644913	68.51
	1188.271856303	157.52	1188.271856303	68.51
	1189.272084619	157.63	1189.272084619	68.41
	1190.272322018	157.63	1190.272322018	68.42
	1191.272578267	157.57	1191.272578267	68.35
	1192.272804503	157.59	1192.272804503	68.15
	1193.273036967	157.75	1193.273036967	68.36
	1194.273233919	157.56	1194.273233919	68.39
	1195.273466031	157.62	1195.273466031	68.34
	1196.273698550	157.69	1196.273698550	68.56
	1197.273944516	157.71	1197.273944516	68.42
	1198.274182117	157.61	1198.274182117	68.42
	1199.274412500	157.62	1199.274412500	68.53
	1200.274631139	157.69	1200.274631139	68.50
	1201.274866276	157.77	1201.274866276	68.57
	1202.275089237	157.66	1202.275089237	68.48
	1203.275309559	157.70	1203.275309559	68.35
	1204.275552462	157.69	1204.275552462	68.60
	1205.275788221	157.60	1205.275788221	68.39
	1206.276013239	157.67	1206.276013239	68.32
	1207.276246048	157.74	1207.276246048	68.36
	1208.276480938	157.74	1208.276480938	68.46
	1209.276712586	157.68	1209.276712586	68.39
	1210.276939040	157.70	1210.276939040	68.36
	1211.277183235	157.79	1211.277183235	68.61
	1212.277405511	157.66	1212.277405511	68.47
	1213.277647225	157.74	1213.277647225	68.40
	1214.277888276	157.66	1214.277888276	68.38
	1215.278104353	157.78	1215.278104353	68.47
	1216.278330209	157.67	1216.278330209	68.35
	1217.278545024	157.77	1217.278545024	68.39
	1218.278763621	157.83	1218.278763621	68.61
	1219.278999127	157.77	1219.278999127	68.43
	1220.279228623	157.80	1220.279228623	68.51
	1221.279445522	157.82	1221.279445522	68.54
	1222.279665498	157.72	1222.279665498	68.35
	1223.279904158	157.69	1223.279904158	68.38
	1224.280106850	157.80	1224.280106850	68.54
	1225.280340321	157.80	1225.280340321	68.18
	1226.280579043	157.71	1226.280579043	68.35
	1227.280811842	157.81	1227.280811842	68.42
	1228.281052219	158.13	1228.281052219	68.48
	1229.281269209	157.74	1229.281269209	68.30
	1230.281513652	157.76	1230.281513652	68.33
	1231.281725811	157.88	1231.281725811	68.21
	1232.281974510	157.85	1232.281974510	68.49
	1233.282223451	157.85	1233.282223451	68.28
	1234.282458091	157.89	1234.282458091	68.35
	1235.282702652	156.64	1235.282702652	68.50
	1236.282937600	156.39	1236.282937600	68.42
	1237.283180425	156.46	1237.283180425	68.47
	1238.283409936	157.20	1238.283409936	68.39
	1239.283641801	157.80	1239.283641801	68.29
	1240.283869843	157.81	1240.283869843	68.21
	1241.284095597	157.89	1241.284095597	68.34
	1242.284324752	157.85	1242.284324752	68.42
	1243.284574340	157.78	1243.284574340	68.38
	1244.284766092	157.87	1244.284766092	68.36
	1245.285002951	157.81	1245.285002951	68.31
	1246.285237764	157.94	1246.285237764	68.37
	1247.285482818	157.88	1247.285482818	68.43
	1248.285727745	157.92	1248.285727745	68.47
	1249.285966089	157.96	1249.285966089	68.21
	1250.286246809	157.85	1250.286246809	68.52
	1251.286474460	157.95	1251.286474460	68.34
	1252.286731475	157.93	1252.286731475	68.48
	1253.286978812	157.84	1253.286978812	68.54
	1254.287209772	157.95	1254.287209772	68.60
	1255.287447619	157.99	1255.287447619	68.54
	1256.287673553	157.89	1256.287673553	68.33
	1257.287915368	157.92	1257.287915368	68.53
	1258.288105214	157.94	1258.288105214	68.46
	1259.288342596	158.00	1259.288342596	68.45
	1260.288578460	157.89	1260.288578460	68.32
	1261.288806092	157.98	1261.288806092	68.50
	1262.289050970	157.99	1262.289050970	68.25
	1263.289271773	157.85	1263.289271773	68.68
	1264.289504303	157.95	1264.289504303	68.49
	1265.289741719	157.95	1265.289741719	68.42
	1266.289962304	157.80	1266.289962304	68.46
	1267.290199472	157.79	1267.290199472	68.15
	1268.290425015	157.97	1268.290425015	68.36
	1269.290690422	157.83	1269.290690422	68.51
	1270.290941120	157.96	1270.290941120	68.40
	1271.291186183	157.95	1271.291186183	68.24
	1272.291414497	157.97	1272.291414497	68.46
	1273.291644901	157.85	1273.291644901	68.47
	1274.291875269	157.88	1274.291875269	68.65
	1275.292104199	157.87	1275.292104199	68.27
	1276.292345688	157.94	1276.292345688	68.58
	1277.292583633	157.92	1277.292583633	68.50
	1278.292811725	157.82	1278.292811725	68.17
	1279.293036140	157.95	1279.293036140	68.29
	1280.293262415	157.78	1280.293262415	68.48
	1281.293499812	157.88	1281.293499812	68.45
	1282.293745889	157.87	1282.293745889	68.50
	1283.293985279	157.81	1283.293985279	68.57
	1284.294226980	157.85	1284.294226980	68.48
	1285.294455937	157.87	1285.294455937	68.55
	1286.294700070	157.78	1286.294700070	68.53
	1287.294937972	157.82	1287.294937972	68.40
	1288.295180469	158.03	1288.295180469	68.33
	1289.295428973	158.02	1289.295428973	68.54
	1290.295646228	157.81	1290.295646228	68.45
	1291.295870327	157.86	1291.295870327	68.39
	1292.296094963	157.90	1292.296094963	68.39
	1293.296332033	157.79	1293.296332033	68.33
	1294.296555050	157.89	1294.296555050	68.36
	1295.296786218	157.87	1295.296786218	68.36
	1296.297018993	157.80	1296.297018993	68.45
	1297.297226148	157.88	1297.297226148	68.40
	1298.297459167	157.85	1298.297459167	68.34
	1299.297716705	157.91	1299.297716705	68.50
	1300.297988584	157.83	1300.297988584	68.35
	1301.298245381	157.92	1301.298245381	68.46
	1302.298483374	158.10	1302.298483374	68.47
	1303.298728039	157.81	1303.298728039	68.37
	1304.298989399	157.89	1304.298989399	68.42
	1305.299245134	157.93	1305.299245134	68.33
	1306.299506777	157.88	1306.299506777	68.54
	1307.299757899	157.97	1307.299757899	68.42
	1308.300008735	157.85	1308.300008735	68.63
	1309.300227037	157.94	1309.300227037	68.27
	1310.300460176	157.94	1310.300460176	68.33
	1311.300708393	157.86	1311.300708393	68.27
	1312.300950366	157.94	1312.300950366	68.45
	1313.301184311	157.85	1313.301184311	68.41
	1314.301415216	157.94	1314.301415216	68.44
	1315.301643206	157.83	1315.301643206	68.27
	1316.301902876	157.94	1316.301902876	68.10
	1317.302099141	157.90	1317.302099141	68.26
	1318.302328647	157.81	1318.302328647	68.41
	1319.302550815	157.92	1319.302550815	68.43
	1320.302782214	157.84	1320.302782214	68.14
	1321.303021381	157.92	1321.303021381	68.32
	1322.303239878	157.89	1322.303239878	68.06
	1323.303444463	157.81	1323.303444463	68.08
	1324.303665787	157.90	1324.303665787	68.16
	1325.303893696	157.83	1325.303893696	68.17
	1326.304110069	157.90	1326.304110069	68.50
	1327.304365176	157.90	1327.304365176	68.25
	1328.304633466	157.82	1328.304633466	68.11
	1329.304856981	157.92	1329.304856981	68.44
	1330.305094011	157.82	1330.305094011	68.27
	1331.305323138	157.90	1331.305323138	68.25
	1332.305565517	157.88	1332.305565517	68.28
	1333.305808700	157.82	1333.305808700	68.35
	1334.306053039	157.90	1334.306053039	68.24
	1335.306271106	156.63	1335.306271106	68.28
	1336.306501115	157.79	1336.306501115	68.23
	1337.306743602	157.82	1337.306743602	68.31
	1338.306986707	157.90	1338.306986707	68.28
	1339.307219350	157.85	1339.307219350	68.25
	1340.307462182	157.80	1340.307462182	68.23
	1341.307703347	157.88	1341.307703347	68.21
	1342.307928627	157.90	1342.307928627	68.24
	1343.308161945	157.81	1343.308161945	68.34
	1344.308366708	157.84	1344.308366708	68.26
	1345.308606245	157.80	1345.308606245	68.19
	1346.308844163	157.88	1346.308844163	68.26
	1347.309094020	157.82	1347.309094020	68.31
	1348.309329228	157.90	1348.309329228	68.16
	1349.309553030	158.23	1349.309553030	68.04
	1350.309769386	157.84	1350.309769386	68.19
	1351.310020119	157.93	1351.310020119	67.96
	1352.310233075	157.85	1352.310233075	68.11
	1353.310461154	157.85	1353.310461154	68.34
	1354.310694979	157.94	1354.310694979	68.32
	1355.310921298	157.90	1355.310921298	68.21
	1356.311162441	158.04	1356.311162441	68.06
	1357.311383792	157.92	1357.311383792	68.37
	1358.311591784	158.05	1358.311591784	68.22
	1359.311814238	157.92	1359.311814238	68.24
	1360.312029126	158.00	1360.312029126	68.26
	1361.312260708	158.02	1361.312260708	68.23
	1362.312506964	157.94	1362.312506964	68.37
	1363.312690035	157.98	1363.312690035	68.35
	1364.312934843	157.89	1364.312934843	68.43
	1365.313178570	158.05	1365.313178570	68.41
	1366.313398019	157.98	1366.313398019	68.28
	1367.313623917	157.92	1367.313623917	68.16
	1368.313859045	158.04	1368.313859045	68.21
	1369.314088754	157.90	1369.314088754	68.23
	1370.314311387	158.05	1370.314311387	68.21
	1371.314531538	157.94	1371.314531538	68.15
	1372.314748663	158.03	1372.314748663	68.22
	1373.314989675	158.04	1373.314989675	68.12
	1374.315215917	157.99	1374.315215917	68.03
	1375.315433148	158.07	1375.315433148	68.20
	1376.315663368	157.99	1376.315663368	67.99
	1377.315904149	158.08	1377.315904149	68.12
	1378.316105218	158.00	1378.316105218	68.12
	1379.316331336	158.09	1379.316331336	68.21
	1380.316545318	158.09	1380.316545318	68.05
	1381.316775181	157.99	1381.316775181	68.18
	1382.317010982	158.08	1382.317010982	67.99
	1383.317246590	158.11	1383.317246590	68.16
	1384.317483360	158.03	1384.317483360	68.08
	1385.317716109	158.08	1385.317716109	68.17
	1386.318005359	158.05	1386.318005359	68.00
	1387.318221250	158.11	1387.318221250	68.39
	1388.318450512	157.98	1388.318450512	68.22
	1389.318675359	157.90	1389.318675359	68.35
	1390.318900190	158.11	1390.318900190	67.91
	1391.319093356	158.38	1391.319093356	67.89
	1392.319326082	159.91	1392.319326082	67.62
	1393.319558850	159.93	1393.319558850	67.74
	1394.319824741	161.77	1394.319824741	67.53
	1395.320042798	162.03	1395.320042798	65.08
	1396.320213549	143.36	1396.320213549	48.53
	1397.320392134	134.35	1397.320392134	44.27
	1398.320659782	136.47	1398.320659782	81.72
	1399.320956246	134.92	1399.320956246	76.67
	1400.321270888	146.87	1400.321270888	80.68
	1401.321581840	142.94	1401.321581840	77.17
	1402.321904914	147.21	1402.321904914	80.12
	1403.322228753	143.08	1403.322228753	77.06
	1404.322509638	147.29	1404.322509638	80.46
	1405.322794836	142.88	1405.322794836	76.65
	1406.323101024	146.84	1406.323101024	79.88
	1407.323341827	143.18	1407.323341827	77.77
	1408.323600908	146.36	1408.323600908	79.09
	1409.323850754	143.98	1409.323850754	77.06
	1410.324117171	146.33	1410.324117171	78.46
	1411.324412685	143.97	1411.324412685	78.80
	1412.324702621	145.64	1412.324702621	77.74
	1413.324997694	144.49	1413.324997694	79.70
	1414.325319452	144.85	1414.325319452	77.29
	1415.325651575	145.00	1415.325651575	80.21
	1416.325981857	144.37	1416.325981857	77.47
	1417.326306092	145.33	1417.326306092	80.26
	1418.326580296	146.72	1418.326580296	78.34
	1419.326788001	135.66	1419.326788001	81.64
	1420.327068096	134.32	1420.327068096	76.38
	1421.327377329	146.21	1421.327377329	80.25
	1422.327672806	143.20	1422.327672806	76.68
	1423.328079010	146.80	1423.328079010	80.51
	1424.328434035	142.75	1424.328434035	77.23
	1425.328858925	147.04	1425.328858925	80.36
	1426.329236811	142.57	1426.329236811	76.92
	1427.329612397	146.89	1427.329612397	80.29
	1428.329959064	142.67	1428.329959064	76.99
	1429.330304854	146.66	1429.330304854	79.77
	1430.330648888	142.95	1430.330648888	77.95
	1431.330984509	146.07	1431.330984509	79.00
	1432.331314131	143.41	1432.331314131	78.74
	1433.331648907	145.49	1433.331648907	78.44
	1434.331996009	143.98	1434.331996009	79.44
	1435.332312365	144.94	1435.332312365	77.18
	1436.332634565	144.53	1436.332634565	79.92
	1437.333018277	144.42	1437.333018277	77.28
	1438.333383602	144.88	1438.333383602	80.16
	1439.333679219	147.33	1439.333679219	78.40
	1440.333918461	135.88	1440.333918461	81.54
	1441.334159824	134.04	1441.334159824	76.57
	1442.334529473	145.77	1442.334529473	80.30
	1443.334878765	142.78	1443.334878765	77.45
	1444.335354749	146.46	1444.335354749	80.47
	1445.335774739	142.53	1445.335774739	77.05
	1446.336117377	146.83	1446.336117377	80.43
	1447.336463323	142.43	1447.336463323	77.07
	1448.336839752	146.75	1448.336839752	80.41
	1449.337130417	142.26	1449.337130417	77.22
	1450.337466007	146.70	1450.337466007	79.91
	1451.337786478	142.64	1451.337786478	77.56
	1452.338114303	146.00	1452.338114303	79.33
	1453.338417851	143.09	1453.338417851	78.50
	1454.338720098	145.61	1454.338720098	78.27
	1455.339013417	143.75	1455.339013417	79.10
	1456.339324011	144.91	1456.339324011	77.62
	1457.339646757	144.30	1457.339646757	79.65
	1458.340042710	144.60	1458.340042710	77.07
	1459.340368701	144.60	1459.340368701	80.22
	1460.340647542	147.60	1460.340647542	78.51
	1461.340888034	135.10	1461.340888034	81.70
	1462.341174032	134.10	1462.341174032	76.47
	1463.341572617	145.34	1463.341572617	80.32
	1464.341998202	142.90	1464.341998202	77.08
	1465.342356940	146.00	1465.342356940	80.22
	1466.342697656	142.36	1466.342697656	77.20
	1467.343074324	146.74	1467.343074324	80.41
	1468.343446868	142.20	1468.343446868	76.85
	1469.343865864	146.72	1469.343865864	80.73
	1470.344247673	143.10	1470.344247673	75.50
	1471.344611712	146.80	1471.344611712	80.53
	1472.344985117	142.30	1472.344985117	77.14
	1473.346005148	146.60	1473.346005148	79.58
	1474.346313485	142.49	1474.346313485	77.76
	1475.346631733	146.13	1475.346631733	79.35
	1476.346957657	142.96	1476.346957657	78.42
	1477.347304625	145.53	1477.347304625	78.75
	1478.347589212	143.47	1478.347589212	79.17
	1479.348445015	145.07	1479.348445015	77.84
	1480.348644824	143.97	1480.348644824	79.74
	1481.348822994	148.22	1481.348822994	78.45
	1482.348978276	135.42	1482.348978276	81.43
	1483.349163885	133.59	1483.349163885	76.82
	1484.349375093	144.72	1484.349375093	80.23
	1485.349691718	143.20	1485.349691718	77.34
	1486.350015649	145.52	1486.350015649	80.33
	1487.350330945	142.74	1487.350330945	77.33
	1488.351091826	146.27	1488.351091826	80.58
	1489.351293888	142.37	1489.351293888	77.35
	1490.351515344	146.62	1490.351515344	80.92
	1491.351730189	142.14	1491.351730189	77.37
	1492.352039823	146.56	1492.352039823	80.75
	1493.352354355	142.32	1493.352354355	77.56
	1494.352609570	146.52	1494.352609570	80.68
	1495.352875673	142.14	1495.352875673	77.29
	1496.353123124	146.30	1496.353123124	80.03
	1497.353382143	142.60	1497.353382143	77.99
	1498.353662259	145.56	1498.353662259	78.99
	1499.353951168	143.23	1499.353951168	78.70
	1500.354240849	145.12	1500.354240849	78.38
	1501.354526619	143.53	1501.354526619	79.57
	1502.354815033	148.17	1502.354815033	78.82
	1503.355097367	136.00	1503.355097367	80.96
	1504.355352962	133.60	1504.355352962	76.74
	1505.355691359	144.49	1505.355691359	80.40
	1506.356013423	143.36	1506.356013423	77.54
	1507.356349763	145.24	1507.356349763	80.45
	1508.356678701	142.97	1508.356678701	77.54
	1509.357018637	145.81	1509.357018637	80.54
	1510.357341814	142.65	1510.357341814	77.68
	1511.357654322	146.15	1511.357654322	80.58
	1512.357962554	142.18	1512.357962554	77.20
	1513.359759216	146.78	1513.359759216	79.83
	1514.360145417	142.34	1514.360145417	77.39
	1515.360435511	146.50	1515.360435511	80.75
	1516.360717288	142.15	1516.360717288	77.41
	1517.360967252	146.70	1517.360967252	80.23
	1518.361194719	142.18	1518.361194719	77.57
	1519.361453651	145.96	1519.361453651	79.68
	1520.361692629	142.87	1520.361692629	78.34
	1521.361900580	145.52	1521.361900580	78.71
	1522.362112731	143.19	1522.362112731	79.10
	1523.362318278	147.74	1523.362318278	79.33
	1524.362488827	135.62	1524.362488827	80.46
	1525.362688766	133.03	1525.362688766	76.89
	1526.362894393	144.14	1526.362894393	80.29
	1527.363099130	143.85	1527.363099130	77.76
	1528.363316492	144.93	1528.363316492	79.99
	1529.363532740	143.32	1529.363532740	77.64
	1530.363855112	144.94	1530.363855112	75.98
	1531.364138313	143.44	1531.364138313	77.59
	1532.364446824	145.44	1532.364446824	80.53
	1533.364686912	142.97	1533.364686912	77.37
	1534.365008568	146.00	1534.365008568	80.43
	1535.365338227	142.42	1535.365338227	77.43
	1536.365659392	146.62	1536.365659392	80.57
	1537.365973753	142.33	1537.365973753	77.33
	1538.366286460	146.74	1538.366286460	80.85
	1539.366586495	142.48	1539.366586495	77.54
	1540.366887691	146.71	1540.366887691	80.79
	1541.367131221	142.54	1541.367131221	76.79
	1542.367463409	146.92	1542.367463409	79.54
	1543.367753359	142.36	1543.367753359	77.75
	1544.368021629	147.46	1544.368021629	79.75
	1545.368252276	138.92	1545.368252276	79.78
	1546.368501702	132.51	1546.368501702	78.16
	1547.368777013	143.37	1547.368777013	79.71
	1548.369089737	144.77	1548.369089737	77.80
	1549.369321836	144.16	1549.369321836	80.34
	1550.369585769	144.28	1550.369585769	77.42
	1551.369965828	145.01	1551.369965828	80.35
	1552.370216137	143.84	1552.370216137	77.38
	1553.370535001	145.38	1553.370535001	80.45
	1554.370845185	143.28	1554.370845185	77.66
	1555.371135960	145.78	1555.371135960	80.45
	1556.371444069	142.94	1556.371444069	77.61
	1557.371758448	146.29	1557.371758448	80.64
	1558.372055601	142.31	1558.372055601	77.26
	1559.372374386	146.95	1559.372374386	80.66
	1560.372676288	142.43	1560.372676288	77.11
	1561.372959633	146.77	1561.372959633	80.79
	1562.373269801	142.46	1562.373269801	77.21
	1563.373525051	146.87	1563.373525051	80.51
	1564.373772030	142.23	1564.373772030	77.58
	1565.374022119	147.36	1565.374022119	80.03
	1566.374254181	139.21	1566.374254181	79.40
	1567.374498822	132.46	1567.374498822	78.56
	1568.374782949	143.25	1568.374782949	79.34
	1569.375099714	144.85	1569.375099714	77.94
	1570.375390708	144.01	1570.375390708	80.00
	1571.375711499	144.69	1571.375711499	77.48
	1572.376047091	144.76	1572.376047091	80.32
	1573.376364804	144.13	1573.376364804	77.67
	1574.376684507	145.15	1574.376684507	80.59
	1575.377002651	143.41	1575.377002651	77.50
	1576.377338882	145.76	1576.377338882	80.39
	1577.377674858	143.08	1577.377674858	77.25
	1578.377989186	146.18	1578.377989186	80.56
	1579.378287528	142.71	1579.378287528	77.16
	1580.378619872	146.58	1580.378619872	80.63
	1581.378974451	142.53	1581.378974451	77.42
	1582.379304178	146.74	1582.379304178	80.61
	1583.379621006	142.51	1583.379621006	76.84
	1584.379950002	146.88	1584.379950002	80.50
	1585.380283295	142.20	1585.380283295	77.11
	1586.380562600	147.09	1586.380562600	80.45
	1587.380821920	140.16	1587.380821920	78.70
	1588.381082039	132.22	1588.381082039	78.79
	1589.381370888	142.81	1589.381370888	78.94
	1590.381645746	145.28	1590.381645746	78.73
	1591.381943692	144.38	1591.381943692	78.03
	1592.382243965	145.03	1592.382243965	78.06
	1593.382532024	144.11	1593.382532024	80.10
	1594.382855536	144.47	1594.382855536	77.57
	1595.383144261	144.83	1595.383144261	80.21
	1596.383465454	143.98	1596.383465454	77.77
	1597.383784111	145.24	1597.383784111	80.44
	1598.384170649	143.64	1598.384170649	77.23
	1599.384410360	145.58	1599.384410360	80.19
	1600.384736257	143.13	1600.384736257	77.63
	1601.385117135	145.97	1601.385117135	80.30
	1602.385440020	142.84	1602.385440020	77.43
	1603.385753141	146.59	1603.385753141	80.64
	1604.386091223	142.44	1604.386091223	77.05
	1605.386421528	146.91	1605.386421528	80.86
	1606.386727207	142.26	1606.386727207	77.31
	1607.387045072	146.77	1607.387045072	80.93
	1608.387275192	131.73	1608.387275192	58.98
	1609.387461336	119.59	1609.387461336	53.05
	1610.387649860	141.41	1610.387649860	64.67
	1611.387832702	145.70	1611.387832702	79.72
	1612.388073245	136.93	1612.388073245	79.66
	1613.388277722	141.90	1613.388277722	64.73
	1614.388483703	145.77	1614.388483703	79.99
	1615.388700058	137.02	1615.388700058	79.55
	1616.388882485	118.51	1616.388882485	53.99
	1617.389046984	130.96	1617.389046984	55.03
	1618.389226289	117.85	1618.389226289	51.26
	1619.389400861	140.92	1619.389400861	65.69
	1620.389561496	145.70	1620.389561496	78.59
	1621.389802152	138.84	1621.389802152	80.02
	1622.390013114	140.06	1622.390013114	65.45
	1623.390202861	146.32	1623.390202861	79.14
	1624.390461848	136.87	1624.390461848	79.54
	1625.390699615	120.07	1625.390699615	55.34
	1626.390851954	130.76	1626.390851954	55.58
	1627.391039861	116.07	1627.391039861	47.65
	1628.391208234	140.80	1628.391208234	67.20
	1629.391378003	144.84	1629.391378003	76.66
	1630.391592360	141.13	1630.391592360	80.35
	1631.391810082	138.49	1631.391810082	66.59
	1632.391976100	144.61	1632.391976100	77.55
	1633.392218519	137.22	1633.392218519	79.99
	1634.392461666	122.73	1634.392461666	57.76
	1635.392619263	131.58	1635.392619263	56.22
	1636.392768393	115.59	1636.392768393	45.88
	1637.392922259	139.19	1637.392922259	67.22
	1638.393084459	144.62	1638.393084459	75.11
	1639.393320791	143.53	1639.393320791	80.49
	1640.393567883	135.78	1640.393567883	68.75
	1641.393758180	145.02	1641.393758180	75.79
	1642.393992606	137.11	1642.393992606	80.24
	1643.394227316	125.09	1643.394227316	60.19
	1644.394380616	131.17	1644.394380616	57.00
	1645.394535184	115.59	1645.394535184	45.97
	1646.394691615	136.65	1646.394691615	65.42
	1647.394867360	143.95	1647.394867360	73.67
	1648.395109736	145.27	1648.395109736	80.75
	1649.395333510	135.26	1649.395333510	69.43
	1650.395518039	144.27	1650.395518039	74.17
	1651.395777214	138.85	1651.395777214	80.29
	1652.396025313	127.47	1652.396025313	62.54
	1653.396183820	132.74	1653.396183820	57.38
	1654.396341888	115.71	1654.396341888	45.88
	1655.396496328	134.37	1655.396496328	64.51
	1656.396660683	142.92	1656.396660683	71.71
	1657.396889861	145.99	1657.396889861	80.61
	1658.397077325	135.28	1658.397077325	70.69
	1659.397256849	143.87	1659.397256849	72.45
	1660.397496961	138.34	1660.397496961	80.49
	1661.397742063	130.18	1661.397742063	64.69
	1662.397894928	130.88	1662.397894928	58.72
	1663.398053105	115.84	1663.398053105	46.12
	1664.398210839	131.88	1664.398210839	61.96
	1665.398388758	143.38	1665.398388758	70.57
	1666.398644390	145.79	1666.398644390	80.74
	1667.399112646	135.90	1667.399112646	73.04
	1668.399260838	142.85	1668.399260838	69.90
	1669.399440516	139.95	1669.399440516	80.71
	1670.399628044	132.29	1670.399628044	68.06
	1671.399790309	129.50	1671.399790309	59.59
	1672.399947178	118.29	1672.399947178	45.50
	1673.400081720	129.69	1673.400081720	61.12
	1674.400294598	142.18	1674.400294598	68.59
	1675.400467035	145.87	1675.400467035	80.65
	1676.400686063	135.79	1676.400686063	74.37
	1677.401969256	143.86	1677.401969256	69.72
	1678.402160108	140.00	1678.402160108	80.38
	1679.402330568	134.09	1679.402330568	69.52
	1680.402474210	126.31	1680.402474210	58.79
	1681.402617209	121.61	1681.402617209	46.90
	1682.402743923	128.11	1682.402743923	59.42
	1683.402883924	142.08	1683.402883924	67.34
	1684.403086859	147.32	1684.403086859	81.20
	1685.403255964	136.30	1685.403255964	75.72
	1686.403401882	141.80	1686.403401882	68.41
	1687.403564331	142.09	1687.403564331	80.61
	1688.403704310	134.20	1688.403704310	71.79
	1689.403852217	123.54	1689.403852217	57.85
	1690.403993231	123.72	1690.403993231	48.91
	1691.404122870	126.71	1691.404122870	58.14
	1692.404263324	141.09	1692.404263324	66.43
	1693.404448739	146.11	1693.404448739	80.89
	1694.404617984	136.32	1694.404617984	76.15
	1695.404755197	141.14	1695.404755197	67.19
	1696.404995309	142.40	1696.404995309	80.78
	1697.405209161	134.55	1697.405209161	73.23
	1698.405399961	121.21	1698.405399961	56.53
	1699.405583557	126.42	1699.405583557	49.82
	1700.405754089	124.43	1700.405754089	56.67
	1701.405966029	141.27	1701.405966029	65.68
	1702.406258972	145.96	1702.406258972	80.83
	1703.406503304	136.74	1703.406503304	77.68
	1704.406695446	141.17	1704.406695446	65.83
	1705.406948590	144.71	1705.406948590	81.00
	1706.407165264	135.43	1706.407165264	75.34
	1707.407322677	118.46	1707.407322677	54.87
	1708.407488040	128.75	1708.407488040	52.00
	1709.407643498	122.70	1709.407643498	55.48
	1710.407800193	141.00	1710.407800193	63.85
	1711.408040293	146.80	1711.408040293	80.87
	1712.408234575	136.62	1712.408234575	78.74
	1713.408410706	141.11	1713.408410706	64.31
	1714.408618244	145.28	1714.408618244	80.81
	1715.408812575	136.47	1715.408812575	77.63
	1716.408974526	117.51	1716.408974526	53.98
	1717.409160174	130.51	1717.409160174	53.41
	1718.409319393	120.72	1718.409319393	55.04
	1719.409497162	141.67	1719.409497162	64.05
	1720.409653423	146.12	1720.409653423	80.48
	1721.409829216	136.79	1721.409829216	79.48
	1722.409998692	141.44	1722.409998692	64.48
	1723.410210364	146.42	1723.410210364	80.99
	1724.410388227	136.64	1724.410388227	78.73
	1725.410536044	117.65	1725.410536044	53.43
	1726.410696311	131.34	1726.410696311	54.23
	1727.410896417	118.48	1727.410896417	51.23
	1728.411074810	141.49	1728.411074810	65.15
	1729.411248601	145.62	1729.411248601	78.87
	1730.411477125	137.64	1730.411477125	79.80
	1731.411691032	141.07	1731.411691032	64.70
	1732.411858609	147.37	1732.411858609	80.03
	1733.412098383	136.77	1733.412098383	79.66
	1734.412325190	119.36	1734.412325190	54.43
	1735.412481193	131.57	1735.412481193	55.70
	1736.412666953	117.16	1736.412666953	49.27
	1737.412861669	140.96	1737.412861669	65.98
	1738.413024378	144.92	1738.413024378	77.48
	1739.413287060	139.76	1739.413287060	80.22
	1740.413493767	139.23	1740.413493767	66.51
	1741.413679558	145.08	1741.413679558	78.08
	1742.413948512	137.45	1742.413948512	79.97
	1743.414191470	121.67	1743.414191470	56.30
	1744.414345677	131.93	1744.414345677	56.28
	1745.414536522	116.03	1745.414536522	46.85
	1746.414714294	140.49	1746.414714294	67.22
	1747.414881276	145.19	1747.414881276	76.18
	1748.415125963	141.52	1748.415125963	80.46
	1749.415321702	138.81	1749.415321702	68.23
	1750.415488869	145.95	1750.415488869	77.12
	1751.415713155	137.25	1751.415713155	80.06
	1752.415922618	123.37	1752.415922618	57.96
	1753.416074279	132.10	1753.416074279	56.37
	1754.416228904	115.95	1754.416228904	45.73
	1755.416390180	138.80	1755.416390180	66.88
	1756.416559451	144.86	1756.416559451	74.69
	1757.416834168	144.00	1757.416834168	80.50
	1758.417044792	137.08	1758.417044792	68.57
	1759.417219519	146.18	1759.417219519	76.02
	1760.417471661	137.66	1760.417471661	80.17
	1761.417704328	125.62	1761.417704328	60.22
	1762.417861804	132.54	1762.417861804	57.07
	1763.418022317	115.83	1763.418022317	44.91
	1764.418198099	136.72	1764.418198099	65.06
	1765.418379752	144.82	1765.418379752	73.74
	1766.418608735	145.15	1766.418608735	80.29
	1767.418819382	135.06	1767.418819382	69.21
	1768.418976053	144.07	1768.418976053	74.14
	1769.419260576	137.22	1769.419260576	80.00
	1770.419505524	128.25	1770.419505524	63.10
	1771.419666801	132.56	1771.419666801	57.62
	1772.419825266	116.24	1772.419825266	45.23
	1773.419980059	135.60	1773.419980059	63.85
	1774.420155003	142.76	1774.420155003	71.99
	1775.420421913	146.28	1775.420421913	80.59
	1776.420709407	136.09	1776.420709407	71.75
	1777.420911879	145.21	1777.420911879	72.97
	1778.421151275	137.78	1778.421151275	80.55
	1779.421403826	130.41	1779.421403826	64.91
	1780.421562468	131.58	1780.421562468	58.34
	1781.421716050	116.45	1781.421716050	46.25
	1782.421884894	132.98	1782.421884894	63.23
	1783.422086236	142.74	1783.422086236	70.71
	1784.422349950	145.89	1784.422349950	80.96
	1785.422583466	135.68	1785.422583466	72.42
	1786.422753478	142.72	1786.422753478	71.12
	1787.422995792	138.80	1787.422995792	80.56
	1788.423206512	131.98	1788.423206512	67.53
	1789.423371553	130.15	1789.423371553	59.63
