1577448619
	1.000169840	53.48	1.000169840	21.67
	2.000442802	126.55	2.000442802	84.44
	3.000731379	111.77	3.000731379	87.34
	4.001004501	111.89	4.001004501	87.33
	5.001278684	112.23	5.001278684	87.00
	6.001550145	112.40	6.001550145	87.27
	7.001823153	112.89	7.001823153	87.26
	8.002103023	113.03	8.002103023	87.29
	9.002367107	112.95	9.002367107	87.48
	10.002636599	113.09	10.002636599	87.46
	11.002903718	113.04	11.002903718	87.28
	12.003184181	113.18	12.003184181	87.28
	13.003452506	113.15	13.003452506	87.28
	14.003716748	113.32	14.003716748	87.16
	15.003982236	113.26	15.003982236	87.31
	16.004230700	113.26	16.004230700	87.25
	17.004463722	113.23	17.004463722	87.31
	18.004739966	113.26	18.004739966	87.13
	19.005006438	113.15	19.005006438	87.08
	20.005275681	113.21	20.005275681	86.80
	21.005609830	113.23	21.005609830	87.04
	22.005892580	113.23	22.005892580	86.98
	23.006156661	113.46	23.006156661	87.01
	24.006406945	113.59	24.006406945	87.05
	25.006700711	113.41	25.006700711	86.99
	26.006997874	113.46	26.006997874	86.95
	27.007296423	113.47	27.007296423	86.99
	28.007561263	113.35	28.007561263	86.85
	29.007824881	112.54	29.007824881	86.93
	30.008117220	112.55	30.008117220	86.86
	31.008394633	112.43	31.008394633	86.84
	32.008669816	112.66	32.008669816	87.04
	33.008948892	112.76	33.008948892	86.89
	34.009401414	112.52	34.009401414	86.85
	35.009667770	112.87	35.009667770	86.92
	36.009960647	112.87	36.009960647	86.99
	37.010233736	112.72	37.010233736	86.86
	38.010497507	113.44	38.010497507	87.16
	39.010767743	113.93	39.010767743	86.82
	40.011104717	112.98	40.011104717	86.81
	41.011365765	112.97	41.011365765	87.03
	42.011642266	112.90	42.011642266	86.98
	43.011933635	112.99	43.011933635	87.04
	44.012221012	113.27	44.012221012	87.11
	45.012516210	113.10	45.012516210	87.08
	46.012775872	112.94	46.012775872	86.95
	47.013027477	113.14	47.013027477	87.23
	48.013310928	112.88	48.013310928	87.15
	49.013583063	112.91	49.013583063	87.11
	50.013851244	113.17	50.013851244	87.02
	51.014159518	112.90	51.014159518	87.04
	52.014439425	112.88	52.014439425	87.10
	53.014717261	112.82	53.014717261	87.21
	54.014999028	112.96	54.014999028	87.22
	55.015262081	137.07	55.015262081	75.19
	56.015501100	123.98	56.015501100	85.45
	57.015764957	113.13	57.015764957	87.12
	58.016005514	113.46	58.016005514	87.22
	59.016278416	113.53	59.016278416	87.21
	60.016600365	113.77	60.016600365	87.21
	61.016874643	113.74	61.016874643	87.41
	62.017157306	113.90	62.017157306	87.07
	63.017440395	113.81	63.017440395	87.10
	64.017710642	113.81	64.017710642	87.22
	65.017967111	114.03	65.017967111	87.18
	66.018240815	114.05	66.018240815	87.25
	67.018507081	114.01	67.018507081	87.19
	68.018793662	114.21	68.018793662	87.35
	69.019096816	113.99	69.019096816	86.85
	70.019367944	114.35	70.019367944	87.34
	71.019620522	114.19	71.019620522	87.37
	72.019890714	113.99	72.019890714	87.25
	73.020174722	114.04	73.020174722	87.10
	74.020459204	114.05	74.020459204	87.22
	75.020748076	113.92	75.020748076	87.25
	76.021023983	113.95	76.021023983	87.38
	77.021320539	114.02	77.021320539	87.41
	78.021593588	113.82	78.021593588	87.32
	79.021951990	113.99	79.021951990	87.29
	80.022234917	114.00	80.022234917	87.16
	81.022516182	113.94	81.022516182	87.05
	82.022813852	113.87	82.022813852	87.11
	83.023102837	113.29	83.023102837	87.18
	84.023382693	113.24	84.023382693	87.02
	85.023681327	113.18	85.023681327	87.04
	86.023965340	113.22	86.023965340	86.99
	87.024250140	113.13	87.024250140	86.80
	88.024542341	113.21	88.024542341	86.90
	89.024812272	113.25	89.024812272	86.63
	90.025106618	113.08	90.025106618	86.67
	91.025382324	113.28	91.025382324	86.91
	92.025661015	113.18	92.025661015	86.85
	93.025938911	113.25	93.025938911	86.72
	94.026209545	113.18	94.026209545	86.87
	95.026476935	113.08	95.026476935	86.72
	96.026741811	113.20	96.026741811	86.86
	97.027007546	113.23	97.027007546	86.70
	98.027276091	113.08	98.027276091	86.88
	99.027566243	113.78	99.027566243	86.91
	100.027847219	113.61	100.027847219	87.05
	101.028125945	113.72	101.028125945	86.93
	102.028401876	114.46	102.028401876	86.94
	103.028663892	113.41	103.028663892	86.96
	104.028967786	113.02	104.028967786	86.92
	105.029233483	113.16	105.029233483	86.65
	106.029505421	113.00	106.029505421	86.83
	107.029786454	113.07	107.029786454	86.80
	108.030066760	115.07	108.030066760	86.91
	109.030340135	139.26	109.030340135	72.33
	110.030603713	121.23	110.030603713	85.70
	111.030874234	113.33	111.030874234	87.01
	112.031127277	113.77	112.031127277	86.99
	113.031370224	114.24	113.031370224	87.04
	114.031631782	114.10	114.031631782	86.85
	115.031904684	114.28	115.031904684	86.90
	116.032183940	114.27	116.032183940	86.96
	117.032431015	114.23	117.032431015	86.92
	118.032731193	114.38	118.032731193	87.00
	119.033012056	113.96	119.033012056	86.87
	120.033280190	114.17	120.033280190	87.17
	121.033555666	114.06	121.033555666	86.84
	122.033840139	114.05	122.033840139	87.02
	123.034117719	114.07	123.034117719	86.96
	124.034387874	114.23	124.034387874	87.19
	125.034657992	114.06	125.034657992	87.11
	126.034937477	114.09	126.034937477	86.82
	127.035214656	114.25	127.035214656	86.96
	128.035489447	114.14	128.035489447	87.13
	129.035777751	114.14	129.035777751	87.04
	130.036020000	114.15	130.036020000	86.92
	131.036282552	114.59	131.036282552	87.07
	132.036565339	114.36	132.036565339	87.16
	133.036862851	114.31	133.036862851	87.14
	134.037152124	114.29	134.037152124	87.01
	135.037418472	114.25	135.037418472	87.22
	136.037674556	113.94	136.037674556	86.94
	137.037933021	113.24	137.037933021	87.00
	138.038266007	113.23	138.038266007	87.21
	139.038548070	113.28	139.038548070	87.32
	140.038843498	113.24	140.038843498	87.24
	141.039118514	113.30	141.039118514	87.15
	142.039408826	113.33	142.039408826	87.14
	143.039686553	113.26	143.039686553	87.25
	144.039943620	113.25	144.039943620	87.27
	145.040225701	113.20	145.040225701	87.20
	146.040527115	113.12	146.040527115	87.23
	147.040816212	113.26	147.040816212	87.07
	148.041090238	113.15	148.041090238	87.33
	149.041357784	113.08	149.041357784	87.03
	150.041587186	113.21	150.041587186	87.24
	151.041838144	113.28	151.041838144	87.33
	152.042110170	113.32	152.042110170	87.15
	153.042383889	113.12	153.042383889	87.37
	154.042632683	113.07	154.042632683	87.48
	155.042909781	113.00	155.042909781	87.35
	156.043201271	113.11	156.043201271	87.40
	157.043527324	113.07	157.043527324	87.33
	158.043814957	113.00	158.043814957	87.13
	159.044109018	112.95	159.044109018	87.37
	160.044397128	113.89	160.044397128	87.38
	161.044683408	112.82	161.044683408	87.24
	162.044952376	115.13	162.044952376	87.46
	163.045174424	139.86	163.045174424	71.47
	164.045396549	118.10	164.045396549	86.59
	165.045699529	113.33	165.045699529	87.59
	166.045986584	113.56	166.045986584	87.44
	167.046258344	113.58	167.046258344	87.20
	168.046539659	113.61	168.046539659	87.41
	169.046796630	113.77	169.046796630	87.19
	170.047013678	113.75	170.047013678	87.50
	171.047279798	113.84	171.047279798	87.50
	172.047521093	113.89	172.047521093	87.46
	173.047763449	114.05	173.047763449	87.44
	174.048014892	113.94	174.048014892	87.14
	175.048294632	114.03	175.048294632	87.58
	176.048552967	113.95	176.048552967	87.40
	177.048880847	114.26	177.048880847	87.50
	178.049168741	114.12	178.049168741	87.49
	179.049436848	114.05	179.049436848	87.39
	180.049707787	114.04	180.049707787	87.12
	181.049983899	114.04	181.049983899	87.62
	182.050239220	114.04	182.050239220	87.55
	183.050524753	114.17	183.050524753	87.48
	184.050801228	114.10	184.050801228	87.54
	185.051071766	114.02	185.051071766	87.56
	186.051335769	114.06	186.051335769	87.59
	187.051590343	114.15	187.051590343	87.53
	188.051864846	114.32	188.051864846	87.61
	189.052127166	114.19	189.052127166	87.55
	190.052385220	113.81	190.052385220	87.49
	191.054633151	113.52	191.054633151	87.67
	192.054907467	113.24	192.054907467	87.49
	193.055181656	113.98	193.055181656	87.49
	194.055481437	113.23	194.055481437	87.49
	195.055766793	113.34	195.055766793	87.29
	196.056121257	113.24	196.056121257	87.61
	197.056401576	113.27	197.056401576	87.54
	198.056684199	113.24	198.056684199	87.35
	199.056978725	113.18	199.056978725	87.42
	200.057259425	113.13	200.057259425	87.49
	201.057543766	113.20	201.057543766	87.35
	202.057844558	113.21	202.057844558	87.54
	203.058122551	113.21	203.058122551	87.36
	204.058391003	113.11	204.058391003	87.24
	205.058666900	113.12	205.058666900	87.23
	206.058934710	113.30	206.058934710	87.24
	207.059206712	113.10	207.059206712	87.08
	208.059488328	113.13	208.059488328	87.16
	209.059750639	113.17	209.059750639	87.32
	210.060020567	113.06	210.060020567	87.06
	211.060307369	112.94	211.060307369	87.16
	212.060571613	112.98	212.060571613	87.23
	213.060853391	112.94	213.060853391	87.25
	214.061139834	113.07	214.061139834	87.08
	215.061398016	112.87	215.061398016	87.05
	216.061716134	117.94	216.061716134	86.63
	217.061986967	141.84	217.061986967	74.45
	218.062258174	113.43	218.062258174	87.15
	219.062530133	113.34	219.062530133	87.17
	220.062814992	114.35	220.062814992	87.25
	221.063094570	113.72	221.063094570	87.18
	222.063358545	113.66	222.063358545	87.10
	223.063618873	115.05	223.063618873	87.32
	224.063889701	114.02	224.063889701	87.11
	225.075408647	115.17	225.075408647	88.32
	226.075639253	113.88	226.075639253	87.28
	227.075966179	113.88	227.075966179	87.15
	228.076271815	113.97	228.076271815	87.14
	229.076548207	113.98	229.076548207	87.23
	230.076830635	113.94	230.076830635	87.18
	231.077098759	113.88	231.077098759	87.17
	232.077374267	113.95	232.077374267	87.30
	233.077650383	113.99	233.077650383	87.28
	234.077919400	113.88	234.077919400	87.03
	235.078234931	114.03	235.078234931	87.14
	236.078506842	114.12	236.078506842	87.11
	237.078779397	113.99	237.078779397	87.10
	238.079006467	114.02	238.079006467	87.14
	239.079274708	114.00	239.079274708	87.00
	240.079559783	114.08	240.079559783	87.30
	241.079834993	113.99	241.079834993	87.35
	242.080105443	114.12	242.080105443	87.17
	243.080385503	113.94	243.080385503	87.15
	244.080656327	113.50	244.080656327	87.10
	245.080941564	113.16	245.080941564	87.26
	246.081222147	113.20	246.081222147	87.28
	247.081506299	113.25	247.081506299	87.22
	248.081774347	113.40	248.081774347	87.37
	249.082022560	113.20	249.082022560	87.27
	250.082300490	113.29	250.082300490	87.15
	251.082549457	113.31	251.082549457	87.44
	252.082847773	113.26	252.082847773	87.27
	253.083123617	113.18	253.083123617	87.17
	254.083395139	113.52	254.083395139	87.31
	255.083728339	113.82	255.083728339	87.34
	256.083990755	113.13	256.083990755	87.19
	257.084262292	113.17	257.084262292	87.13
	258.084553222	113.23	258.084553222	87.06
	259.084821357	113.27	259.084821357	87.18
	260.085092800	113.16	260.085092800	87.37
	261.085360402	113.11	261.085360402	87.32
	262.085622873	113.18	262.085622873	87.31
	263.085901723	113.12	263.085901723	87.33
	264.086171622	113.20	264.086171622	87.31
	265.086445138	113.16	265.086445138	87.30
	266.086731810	113.08	266.086731810	87.45
	267.087019495	113.08	267.087019495	87.37
	268.087282210	112.95	268.087282210	87.23
	269.087538946	112.82	269.087538946	87.28
	270.087772364	122.88	270.087772364	84.42
	271.087967701	143.62	271.087967701	64.86
	272.088151752	142.23	272.088151752	57.98
	273.088352320	141.62	273.088352320	49.78
	274.088528013	144.07	274.088528013	51.89
	275.088680015	144.00	275.088680015	59.79
	276.088850049	141.52	276.088850049	48.45
	277.088964681	144.47	277.088964681	51.79
	278.089152532	142.64	278.089152532	61.64
	279.089363747	141.54	279.089363747	45.46
	280.089524154	143.68	280.089524154	52.35
	281.089689432	142.99	281.089689432	55.63
	282.089857835	141.93	282.089857835	48.67
	283.090028486	144.08	283.090028486	53.19
	284.090197341	141.98	284.090197341	63.63
	285.090365623	141.37	285.090365623	44.86
	286.090512676	142.43	286.090512676	66.23
	287.090693646	141.87	287.090693646	57.18
	288.090888033	141.93	288.090888033	52.49
	289.091056874	143.82	289.091056874	53.28
	290.091224593	143.82	290.091224593	61.17
	291.091401701	142.24	291.091401701	47.53
	292.091560560	144.64	292.091560560	52.63
	293.091721345	142.34	293.091721345	62.91
	294.091896523	141.14	294.091896523	44.71
	295.092064678	143.02	295.092064678	52.18
	296.092227421	144.05	296.092227421	63.58
	297.092394854	140.94	297.092394854	45.73
	298.092571520	144.77	298.092571520	52.23
	299.092732491	144.31	299.092732491	63.71
	300.092888950	143.06	300.092888950	49.30
	301.093055942	142.66	301.093055942	62.86
	302.093239536	143.04	302.093239536	60.35
	303.093414524	141.32	303.093414524	47.11
	304.093573586	144.15	304.093573586	52.04
	305.093731265	140.97	305.093731265	64.12
	306.093888393	140.88	306.093888393	44.77
	307.094056413	143.08	307.094056413	53.05
	308.094213958	141.21	308.094213958	62.77
	309.094384641	141.18	309.094384641	46.80
	310.094564180	143.19	310.094564180	50.38
	311.094727201	144.38	311.094727201	63.26
	312.094913372	142.48	312.094913372	48.02
	313.095126176	142.80	313.095126176	47.64
	314.095285296	147.67	314.095285296	59.88
	315.095438736	141.63	315.095438736	46.96
	316.095593928	144.54	316.095593928	63.20
	317.095770141	142.30	317.095770141	60.34
	318.095963149	141.61	318.095963149	48.77
	319.096115869	143.02	319.096115869	51.69
	320.096288130	140.43	320.096288130	58.22
	321.096463969	140.25	321.096463969	46.47
	322.096616861	142.72	322.096616861	50.77
	323.096780273	141.41	323.096780273	60.12
	324.096951582	141.38	324.096951582	47.05
	325.097108838	142.65	325.097108838	51.97
	326.097284747	143.03	326.097284747	57.59
	327.097477857	141.13	327.097477857	46.97
	328.097636121	143.44	328.097636121	51.10
	329.097803892	143.34	329.097803892	56.37
	330.097965049	143.68	330.097965049	47.78
	331.098122946	144.10	331.098122946	62.76
	332.098290541	141.76	332.098290541	53.29
	333.098494910	142.69	333.098494910	58.82
	334.098654548	143.10	334.098654548	51.98
	335.098826887	141.08	335.098826887	55.64
	336.098967999	140.98	336.098967999	54.12
	337.099123727	143.26	337.099123727	52.28
	338.099288482	144.46	338.099288482	55.05
	339.099460168	143.76	339.099460168	49.70
	340.099623393	144.97	340.099623393	50.88
	341.099788362	140.74	341.099788362	47.99
	342.099977600	143.70	342.099977600	55.31
	343.100133198	143.11	343.100133198	51.29
	344.100307267	140.99	344.100307267	55.74
	345.100486780	141.74	345.100486780	53.66
	346.100679003	140.57	346.100679003	62.52
	347.100883242	141.97	347.100883242	51.03
	348.101059133	145.85	348.101059133	62.19
	349.101223848	142.00	349.101223848	49.06
	350.101392795	142.11	350.101392795	52.55
	351.101564882	142.82	351.101564882	59.94
	352.101742088	142.60	352.101742088	51.20
	353.101907586	141.19	353.101907586	53.15
	354.102080313	142.32	354.102080313	55.90
	355.102235134	143.44	355.102235134	51.22
	356.102387266	143.68	356.102387266	54.76
	357.102546425	144.59	357.102546425	53.63
	358.102707206	144.90	358.102707206	51.69
	359.102871838	140.91	359.102871838	52.89
	360.103046449	141.52	360.103046449	51.85
	361.103248862	140.33	361.103248862	56.72
	362.103442349	142.80	362.103442349	53.25
	363.103602688	142.53	363.103602688	63.12
	364.103771011	141.97	364.103771011	49.59
	365.103954748	142.05	365.103954748	49.83
	366.104126435	140.17	366.104126435	62.14
	367.104284648	142.10	367.104284648	50.53
	368.104448462	143.55	368.104448462	52.24
	369.104612677	145.50	369.104612677	57.77
	370.104831620	144.54	370.104831620	51.60
	371.105005409	141.91	371.105005409	53.32
	372.105236442	143.04	372.105236442	55.71
	373.105392027	143.42	373.105392027	51.30
	374.105577322	142.19	374.105577322	55.23
	375.105767073	142.92	375.105767073	53.09
	376.105974975	142.02	376.105974975	60.59
	377.106203451	142.95	377.106203451	51.97
	378.106392900	143.41	378.106392900	62.45
	379.106546779	142.84	379.106546779	49.64
	380.106729684	142.25	380.106729684	53.56
	381.106937948	143.65	381.106937948	58.67
	382.107096083	143.88	382.107096083	51.89
	383.107288968	142.23	383.107288968	55.32
	384.107501854	142.92	384.107501854	54.44
	385.107659066	144.24	385.107659066	52.45
	386.107832838	142.62	386.107832838	57.75
	387.108040077	142.09	387.108040077	49.78
	388.108190640	144.43	388.108190640	52.21
	389.108344410	146.26	389.108344410	57.01
	390.108507226	143.63	390.108507226	48.49
	391.108671650	144.51	391.108671650	62.20
	392.108831156	141.65	392.108831156	52.34
	393.108961754	141.13	393.108961754	59.65
	394.109114175	142.43	394.109114175	51.62
	395.109282517	142.41	395.109282517	51.61
	396.109475259	144.26	396.109475259	53.97
	397.109630360	143.59	397.109630360	48.51
	398.109820967	141.53	398.109820967	54.52
	399.109960323	141.25	399.109960323	56.70
	400.110114449	142.88	400.110114449	52.47
	401.110261835	141.36	401.110261835	49.32
	402.110408341	145.08	402.110408341	53.73
	403.110570502	144.41	403.110570502	50.08
	404.110752124	142.03	404.110752124	50.35
	405.110938755	144.08	405.110938755	55.72
	406.111125801	142.47	406.111125801	50.49
	407.111319253	142.77	407.111319253	59.78
	408.111475918	143.83	408.111475918	63.03
	409.111631350	140.67	409.111631350	45.13
	410.111795384	144.11	410.111795384	51.24
	411.111956469	141.05	411.111956469	62.71
	412.112113830	140.79	412.112113830	47.26
	413.112288525	141.67	413.112288525	48.58
	414.112444480	144.40	414.112444480	60.35
	415.112603209	140.01	415.112603209	45.43
	416.112783606	143.83	416.112783606	49.57
	417.112945824	141.45	417.112945824	63.06
	418.113105164	140.85	418.113105164	47.44
	419.113283058	141.98	419.113283058	48.97
	420.113448155	139.59	420.113448155	64.77
	421.113603921	140.16	421.113603921	49.19
	422.113753676	124.24	422.113753676	38.51
	423.113907489	124.12	423.113907489	38.71
	424.114067899	124.33	424.114067899	39.31
	425.114270035	131.20	425.114270035	46.41
	426.114526626	155.56	426.114526626	68.24
	427.114796160	157.22	427.114796160	68.18
	428.115070367	157.50	428.115070367	68.31
	429.115326109	157.42	429.115326109	68.11
	430.115630065	157.46	430.115630065	68.03
	431.115881682	157.62	431.115881682	67.99
	432.116144383	157.52	432.116144383	67.85
	433.116396558	157.53	433.116396558	68.08
	434.116658431	157.66	434.116658431	68.01
	435.116935666	157.55	435.116935666	67.98
	436.117174849	157.60	436.117174849	68.08
	437.117447819	157.80	437.117447819	68.32
	438.117712052	157.65	438.117712052	68.08
	439.117949823	157.65	439.117949823	68.20
	440.118177892	157.63	440.118177892	68.24
	441.118440431	157.83	441.118440431	68.03
	442.118692983	157.69	442.118692983	68.10
	443.118951932	157.69	443.118951932	68.25
	444.119189942	157.88	444.119189942	68.23
	445.119436252	157.72	445.119436252	68.06
	446.119691938	157.76	446.119691938	68.33
	447.119952782	157.86	447.119952782	68.29
	448.120202779	157.76	448.120202779	68.25
	449.120458277	157.73	449.120458277	68.18
	450.120729351	157.89	450.120729351	68.20
	451.120989348	157.77	451.120989348	67.98
	452.121242043	157.75	452.121242043	68.11
	453.121489032	157.93	453.121489032	68.32
	454.121738813	157.81	454.121738813	68.16
	455.121980340	157.77	455.121980340	68.29
	456.122200503	157.84	456.122200503	68.26
	457.122456107	157.89	457.122456107	68.21
	458.122714172	157.81	458.122714172	68.16
	459.122967374	157.86	459.122967374	68.11
	460.123222436	157.88	460.123222436	68.05
	461.123481738	157.78	461.123481738	68.19
	462.123715672	158.07	462.123715672	68.22
	463.123965560	157.86	463.123965560	68.24
	464.124218058	157.80	464.124218058	68.21
	465.124476332	157.83	465.124476332	68.18
	466.124730102	158.00	466.124730102	68.29
	467.124983108	157.81	467.124983108	68.10
	468.125453847	157.89	468.125453847	68.34
	469.125702419	157.94	469.125702419	68.26
	470.125946507	157.85	470.125946507	68.49
	471.126176127	157.92	471.126176127	68.38
	472.126410369	157.93	472.126410369	68.16
	473.126633863	157.87	473.126633863	68.04
	474.126882195	157.87	474.126882195	68.21
	475.127115495	157.94	475.127115495	68.28
	476.127355636	157.96	476.127355636	68.18
	477.127610091	157.93	477.127610091	68.19
	478.127871990	158.04	478.127871990	68.33
	479.128123946	157.89	479.128123946	68.16
	480.128372830	157.86	480.128372830	68.27
	481.128630738	158.00	481.128630738	68.14
	482.128895415	157.58	482.128895415	68.45
	483.129149507	156.65	483.129149507	68.20
	484.129401192	156.59	484.129401192	68.20
	485.129668204	156.72	485.129668204	68.18
	486.129927897	156.62	486.129927897	68.36
	487.130180121	156.78	487.130180121	68.29
	488.130438346	156.74	488.130438346	68.19
	489.130743159	156.71	489.130743159	68.15
	490.130997190	156.72	490.130997190	68.44
	491.131245707	156.76	491.131245707	68.27
	492.131509869	156.69	492.131509869	68.22
	493.131760268	156.82	493.131760268	68.30
	494.131997112	156.56	494.131997112	68.08
	495.132252986	157.44	495.132252986	68.16
	496.132515577	157.91	496.132515577	68.27
	497.132763793	157.89	497.132763793	68.25
	498.132996044	157.83	498.132996044	68.12
	499.133257482	157.89	499.133257482	68.33
	500.133507102	157.82	500.133507102	68.06
	501.133754570	157.82	501.133754570	68.37
	502.133989180	157.81	502.133989180	68.37
	503.134240213	157.83	503.134240213	68.20
	504.134493470	157.85	504.134493470	68.18
	505.134745417	157.82	505.134745417	68.27
	506.134988376	156.44	506.134988376	68.18
	507.135232847	156.75	507.135232847	68.19
	508.135515555	157.28	508.135515555	68.28
	509.135756219	157.34	509.135756219	68.26
	510.135988650	157.69	510.135988650	68.36
	511.136236437	157.76	511.136236437	68.37
	512.136494311	157.83	512.136494311	68.16
	513.136757587	157.87	513.136757587	68.25
	514.137003032	157.76	514.137003032	68.21
	515.137248763	157.85	515.137248763	68.32
	516.137495547	157.80	516.137495547	68.31
	517.137765601	157.84	517.137765601	68.23
	518.137998809	157.90	518.137998809	68.24
	519.138261056	157.80	519.138261056	68.21
	520.138523978	157.91	520.138523978	68.34
	521.138782338	157.90	521.138782338	68.28
	522.139060623	158.16	522.139060623	68.08
	523.139301322	157.90	523.139301322	68.36
	524.139543770	157.82	524.139543770	68.31
	525.139762817	157.94	525.139762817	68.50
	526.139997590	157.86	526.139997590	68.28
	527.140273544	157.90	527.140273544	68.37
	528.140560820	157.90	528.140560820	68.42
	529.140818522	157.80	529.140818522	68.30
	530.141078876	157.91	530.141078876	68.25
	531.141326235	157.94	531.141326235	68.22
	532.141583582	157.85	532.141583582	68.38
	533.141850915	157.88	533.141850915	68.43
	534.142114632	157.92	534.142114632	68.54
	535.142336009	157.83	535.142336009	68.32
	536.142573799	157.92	536.142573799	68.32
	537.142836178	157.94	537.142836178	68.50
	538.143096811	157.89	538.143096811	68.29
	539.143335501	157.95	539.143335501	68.27
	540.143579632	157.93	540.143579632	68.18
	541.143828358	157.86	541.143828358	68.21
	542.144101490	157.86	542.144101490	68.31
	543.144363730	157.98	543.144363730	68.42
	544.144619181	157.92	544.144619181	68.16
	545.144875408	157.88	545.144875408	68.24
	546.145132949	157.95	546.145132949	68.39
	547.145386267	157.92	547.145386267	68.37
	548.145675191	157.84	548.145675191	68.49
	549.145949632	158.02	549.145949632	68.41
	550.146196324	157.82	550.146196324	68.25
	551.146445746	157.85	551.146445746	68.30
	552.146715562	157.99	552.146715562	68.27
	553.146978369	157.97	553.146978369	68.18
	554.147216682	157.90	554.147216682	68.44
	555.147450637	157.98	555.147450637	68.44
	556.147671818	157.93	556.147671818	68.39
	557.147907488	157.86	557.147907488	68.49
	558.148131029	157.96	558.148131029	68.31
	559.148378865	158.02	559.148378865	68.40
	560.148635663	157.92	560.148635663	68.33
	561.148901192	157.98	561.148901192	68.45
	562.149243776	157.98	562.149243776	68.43
	563.149478038	157.86	563.149478038	68.41
	564.149746182	157.99	564.149746182	68.41
	565.150007079	157.97	565.150007079	68.37
	566.150270620	157.91	566.150270620	68.42
	567.150560923	158.00	567.150560923	68.43
	568.150825067	157.99	568.150825067	68.39
	569.151085090	157.88	569.151085090	68.26
	570.151340280	158.03	570.151340280	68.45
	571.151607996	157.91	571.151607996	68.35
	572.151859684	157.99	572.151859684	68.28
	573.152117086	157.88	573.152117086	68.43
	574.152370783	157.96	574.152370783	68.14
	575.152627679	157.97	575.152627679	68.34
	576.152888067	157.98	576.152888067	68.40
	577.153136316	157.92	577.153136316	68.21
	578.153386922	158.01	578.153386922	68.32
	579.153641000	157.95	579.153641000	68.44
	580.153904549	158.00	580.153904549	68.49
	581.154162425	157.99	581.154162425	68.45
	582.154400201	158.12	582.154400201	68.51
	583.154661149	158.32	583.154661149	68.34
	584.154909114	157.99	584.154909114	68.43
	585.155164753	157.77	585.155164753	68.16
	586.155449006	158.03	586.155449006	68.30
	587.155698116	158.01	587.155698116	68.29
	588.155944399	157.94	588.155944399	68.36
	589.156193452	157.95	589.156193452	68.49
	590.156456149	158.04	590.156456149	68.35
	591.156702578	158.04	591.156702578	68.50
	592.156943760	158.02	592.156943760	68.50
	593.157157965	157.99	593.157157965	68.39
	594.157373076	158.03	594.157373076	68.38
	595.157630758	157.96	595.157630758	68.43
	596.157890340	158.04	596.157890340	68.42
	597.158122616	158.07	597.158122616	68.42
	598.158367201	157.96	598.158367201	68.26
	599.158606349	158.04	599.158606349	68.30
	600.158825008	157.92	600.158825008	68.49
	601.159082553	158.05	601.159082553	68.56
	602.159315621	158.01	602.159315621	68.37
	603.159526446	157.94	603.159526446	68.44
	604.159767496	157.97	604.159767496	68.20
	605.159993456	158.00	605.159993456	68.38
	606.160274500	157.91	606.160274500	68.31
	607.160528699	157.95	607.160528699	68.32
	608.160784836	157.90	608.160784836	68.34
	609.161003120	157.96	609.161003120	68.32
	610.161272166	157.97	610.161272166	68.65
	611.161524662	157.91	611.161524662	68.36
	612.161773162	158.03	612.161773162	68.50
	613.161995961	157.88	613.161995961	68.36
	614.162242502	157.97	614.162242502	68.23
	615.162503187	158.00	615.162503187	68.38
	616.162762434	157.94	616.162762434	68.40
	617.162994266	158.01	617.162994266	68.48
	618.163255188	158.03	618.163255188	68.22
	619.163505083	157.95	619.163505083	68.49
	620.163766397	157.95	620.163766397	68.40
	621.164001827	158.04	621.164001827	68.50
	622.164261935	157.91	622.164261935	68.41
	623.164508505	157.99	623.164508505	68.34
	624.164766170	158.03	624.164766170	68.20
	625.164978050	157.95	625.164978050	68.33
	626.165258207	157.99	626.165258207	68.41
	627.165503509	157.96	627.165503509	68.58
	628.165765499	158.03	628.165765499	68.32
	629.165992081	158.01	629.165992081	68.38
	630.166245554	157.90	630.166245554	68.47
	631.166504308	158.00	631.166504308	68.59
	632.166756881	157.99	632.166756881	68.40
	633.166998863	157.91	633.166998863	68.55
	634.167249634	157.91	634.167249634	68.41
	635.167507498	158.03	635.167507498	68.46
	636.167772403	157.96	636.167772403	68.39
	637.168002139	158.00	637.168002139	68.28
	638.168254868	157.91	638.168254868	68.37
	639.168505852	157.99	639.168505852	68.40
	640.168755686	157.88	640.168755686	68.38
	641.168986987	157.97	641.168986987	68.73
	642.169230415	157.97	642.169230415	68.64
	643.169478440	158.25	643.169478440	68.35
	644.169729365	158.01	644.169729365	68.42
	645.170005926	157.99	645.170005926	68.27
	646.170254597	157.85	646.170254597	68.42
	647.170500876	157.98	647.170500876	68.51
	648.170769592	157.87	648.170769592	68.57
	649.171012952	157.98	649.171012952	68.61
	650.171243512	157.90	650.171243512	68.38
	651.171462099	157.94	651.171462099	68.46
	652.171714050	157.96	652.171714050	68.41
	653.171985068	157.97	653.171985068	68.44
	654.172236634	157.90	654.172236634	68.20
	655.172480759	157.99	655.172480759	68.46
	656.172733203	157.88	656.172733203	68.39
	657.172983214	158.02	657.172983214	68.58
	658.173237230	157.97	658.173237230	68.53
	659.173504895	157.87	659.173504895	68.59
	660.173772245	157.95	660.173772245	68.44
	661.173984921	157.97	661.173984921	68.53
	662.174196467	157.89	662.174196467	68.41
	663.174444691	157.92	663.174444691	68.41
	664.174735816	158.04	664.174735816	68.47
	665.174974941	157.90	665.174974941	68.45
	666.175220580	157.89	666.175220580	68.35
	667.175477737	158.00	667.175477737	68.50
	668.175733635	157.96	668.175733635	68.26
	669.175976749	157.92	669.175976749	68.47
	670.176228026	157.95	670.176228026	68.27
	671.176478585	157.95	671.176478585	68.52
	672.176708736	157.87	672.176708736	68.38
	673.176985152	158.01	673.176985152	68.27
	674.177228222	157.98	674.177228222	68.31
	675.177448950	157.90	675.177448950	68.43
	676.177720201	157.96	676.177720201	68.43
	677.177966282	157.95	677.177966282	68.31
	678.178188495	157.89	678.178188495	68.30
	679.178433698	157.88	679.178433698	68.37
	680.178700233	158.04	680.178700233	68.38
	681.178956151	157.86	681.178956151	68.55
	682.179202989	157.84	682.179202989	68.38
	683.179460811	158.05	683.179460811	68.61
	684.179754022	157.90	684.179754022	68.36
	685.180007113	157.87	685.180007113	68.38
	686.180264625	158.06	686.180264625	68.63
	687.180514942	157.83	687.180514942	68.41
	688.180768336	157.86	688.180768336	68.48
	689.180995552	158.03	689.180995552	68.44
	690.181237282	157.84	690.181237282	68.45
	691.181481601	157.85	691.181481601	68.44
	692.181749943	157.94	692.181749943	68.56
	693.181982497	157.92	693.181982497	68.38
	694.182187862	157.86	694.182187862	68.49
	695.182438884	157.84	695.182438884	68.43
	696.182714752	158.01	696.182714752	68.57
	697.182960271	157.84	697.182960271	68.47
	698.183186546	157.84	698.183186546	68.53
	699.183431392	158.06	699.183431392	68.58
	700.183651837	157.83	700.183651837	68.40
	701.183911999	157.90	701.183911999	68.29
	702.188982328	158.67	702.188982328	68.77
	703.189214933	156.87	703.189214933	68.67
	704.189455053	156.74	704.189455053	68.41
	705.189708086	156.43	705.189708086	68.19
	706.189964105	157.04	706.189964105	68.63
	707.190222618	157.83	707.190222618	68.33
	708.190464533	157.83	708.190464533	68.43
	709.190715274	157.89	709.190715274	68.28
	710.190982371	157.91	710.190982371	68.56
	711.191245153	157.79	711.191245153	68.52
	712.191510485	157.88	712.191510485	68.40
	713.191771262	157.91	713.191771262	68.32
	714.191997302	157.82	714.191997302	68.37
	715.192241366	157.79	715.192241366	68.41
	716.192509760	158.02	716.192509760	68.54
	717.192760073	157.83	717.192760073	68.38
	718.193025491	157.81	718.193025491	68.47
	719.193263099	157.95	719.193263099	68.50
	720.193535667	157.33	720.193535667	68.32
	721.193783572	157.81	721.193783572	68.48
	722.193999092	157.98	722.193999092	68.49
	723.194277197	157.84	723.194277197	68.26
	724.194538686	157.83	724.194538686	68.25
	725.194793909	157.99	725.194793909	68.63
	726.194992645	157.82	726.194992645	68.54
	727.195275939	157.83	727.195275939	68.26
	728.195530726	157.98	728.195530726	68.56
	729.195800117	157.85	729.195800117	68.47
	730.196065433	157.82	730.196065433	68.38
	731.196311995	157.98	731.196311995	68.51
	732.196565780	157.83	732.196565780	68.30
	733.196821844	157.79	733.196821844	68.28
	734.197077221	157.85	734.197077221	68.41
	735.197323868	157.96	735.197323868	68.57
	736.197579261	157.83	736.197579261	68.27
	737.197836018	157.83	737.197836018	68.32
	738.198093377	157.96	738.198093377	68.29
	739.198338683	157.80	739.198338683	68.36
	740.198586192	157.80	740.198586192	68.30
	741.198838354	157.97	741.198838354	68.34
	742.199097322	157.80	742.199097322	68.49
	743.199389213	157.81	743.199389213	68.26
	744.199635578	157.96	744.199635578	68.37
	745.199895365	157.79	745.199895365	68.36
	746.200135793	157.77	746.200135793	68.39
	747.200568797	157.96	747.200568797	68.55
	748.200826683	157.83	748.200826683	68.37
	749.201067750	157.77	749.201067750	68.48
	750.201313267	157.90	750.201313267	68.59
	751.201587031	157.79	751.201587031	68.39
	752.201851244	157.80	752.201851244	68.35
	753.202106270	157.98	753.202106270	68.37
	754.202370091	157.76	754.202370091	68.35
	755.202629524	157.74	755.202629524	68.45
	756.202892213	157.97	756.202892213	68.43
	757.203128244	157.81	757.203128244	68.35
	758.203353328	157.82	758.203353328	68.27
	759.203610025	157.88	759.203610025	68.41
	760.203860372	157.88	760.203860372	68.30
	761.204102897	157.78	761.204102897	68.25
	762.204387175	157.86	762.204387175	68.43
	763.204630837	157.89	763.204630837	68.41
	764.204885015	158.10	764.204885015	68.36
	765.205142485	157.88	765.205142485	68.50
	766.205392083	157.75	766.205392083	68.41
	767.205649358	157.86	767.205649358	68.56
	768.205909827	157.79	768.205909827	68.23
	769.206164325	157.93	769.206164325	68.48
	770.206420500	157.79	770.206420500	68.25
	771.206668402	157.78	771.206668402	68.41
	772.206933193	157.95	772.206933193	68.50
	773.207178357	157.79	773.207178357	68.11
	774.207434822	157.77	774.207434822	68.33
	775.207694102	157.91	775.207694102	68.38
	776.207961333	157.93	776.207961333	68.34
	777.208230434	157.79	777.208230434	68.50
	778.208485447	157.89	778.208485447	68.35
	779.208731164	157.87	779.208731164	68.48
	780.208966486	157.76	780.208966486	68.44
	781.209222379	157.87	781.209222379	68.46
	782.209473889	157.84	782.209473889	68.46
	783.209732178	157.84	783.209732178	68.52
	784.209982863	157.86	784.209982863	68.43
	785.210239487	157.86	785.210239487	68.45
	786.210481853	157.77	786.210481853	68.46
	787.210735582	157.76	787.210735582	68.43
	788.210987721	157.93	788.210987721	68.56
	789.211229460	157.80	789.211229460	68.45
	790.211503645	157.79	790.211503645	68.32
	791.211754142	157.90	791.211754142	68.36
	792.211997219	157.76	792.211997219	68.35
	793.212255906	157.78	793.212255906	68.43
	794.212499640	157.85	794.212499640	68.44
	795.212754130	157.82	795.212754130	68.38
	796.212990734	157.78	796.212990734	68.39
	797.213234134	157.84	797.213234134	68.40
	798.213486814	157.88	798.213486814	68.39
	799.213755343	157.76	799.213755343	68.27
	800.213992335	157.79	800.213992335	68.43
	801.214275177	157.96	801.214275177	68.47
	802.214522013	157.81	802.214522013	68.49
	803.214768965	157.77	803.214768965	68.31
	804.214975625	157.95	804.214975625	68.50
	805.215224919	157.79	805.215224919	68.48
	806.215466764	157.79	806.215466764	68.19
	807.215695105	157.84	807.215695105	68.04
	808.215949825	157.87	808.215949825	68.45
	809.216182789	157.78	809.216182789	68.39
	810.216442851	157.84	810.216442851	68.24
	811.216691919	157.79	811.216691919	68.50
	812.216965795	157.77	812.216965795	68.17
	813.217211368	157.77	813.217211368	68.19
	814.217469813	157.91	814.217469813	68.34
	815.217724475	157.78	815.217724475	68.28
	816.217987841	157.78	816.217987841	68.33
	817.218232336	157.87	817.218232336	68.28
	818.218449604	157.75	818.218449604	68.43
	819.218670115	157.75	819.218670115	68.49
	820.218938192	157.89	820.218938192	68.32
	821.219204581	157.75	821.219204581	68.43
	822.219439274	157.92	822.219439274	68.38
	823.219689610	157.91	823.219689610	68.36
	824.219956843	157.83	824.219956843	68.35
	825.220218539	157.17	825.220218539	68.32
	826.220483759	157.77	826.220483759	68.35
	827.220742707	157.79	827.220742707	68.33
	828.220987791	157.70	828.220987791	68.51
	829.221238396	157.78	829.221238396	68.41
	830.221496542	157.80	830.221496542	68.46
	831.221769108	157.73	831.221769108	68.49
	832.222000579	157.71	832.222000579	68.41
	833.222255565	157.88	833.222255565	68.40
	834.222519183	157.68	834.222519183	68.40
	835.222783531	157.73	835.222783531	68.31
	836.222989971	157.88	836.222989971	68.57
	837.223232298	157.72	837.223232298	68.29
	838.223484971	157.70	838.223484971	68.28
	839.223714962	157.73	839.223714962	68.43
	840.223972410	157.72	840.223972410	68.30
	841.224210718	157.69	841.224210718	68.25
	842.224441057	157.73	842.224441057	68.40
	843.224645336	157.73	843.224645336	68.29
	844.224891526	157.69	844.224891526	68.45
	845.225136426	157.74	845.225136426	68.30
	846.225359302	157.78	846.225359302	68.55
	847.225609335	157.69	847.225609335	68.34
	848.225878506	157.71	848.225878506	68.30
	849.226121365	158.03	849.226121365	68.31
	850.226376822	157.71	850.226376822	68.32
	851.226635698	157.69	851.226635698	68.35
	852.226894896	157.76	852.226894896	68.34
	853.227136081	157.74	853.227136081	68.09
	854.227377129	157.66	854.227377129	68.23
	855.227634796	157.72	855.227634796	68.29
	856.227887551	157.70	856.227887551	68.42
	857.228156724	157.66	857.228156724	68.25
	858.228412209	157.72	858.228412209	68.39
	859.228704870	157.72	859.228704870	68.26
	860.228975070	157.61	860.228975070	68.34
	861.229223120	157.74	861.229223120	68.38
	862.229477168	157.70	862.229477168	68.45
	863.229728338	157.65	863.229728338	68.20
	864.229987626	157.71	864.229987626	68.48
	865.230231751	157.72	865.230231751	68.37
	866.230486679	157.65	866.230486679	68.21
	867.230742509	157.62	867.230742509	68.33
	868.230980980	157.79	868.230980980	68.36
	869.231214853	157.61	869.231214853	68.28
	870.231467207	157.59	870.231467207	68.33
	871.231728018	157.68	871.231728018	68.42
	872.231987462	157.68	872.231987462	68.25
	873.232230882	157.59	873.232230882	68.26
	874.232481003	157.68	874.232481003	68.34
	875.232749734	157.68	875.232749734	68.31
	876.232984353	157.63	876.232984353	68.48
	877.233237143	157.64	877.233237143	68.45
	878.233491512	157.65	878.233491512	68.43
	879.233795430	157.55	879.233795430	68.23
	880.234010743	157.65	880.234010743	68.35
	881.234471108	157.66	881.234471108	68.44
	882.234698708	157.58	882.234698708	68.30
	883.234947449	157.64	883.234947449	68.33
	884.235183323	157.63	884.235183323	68.22
	885.235438087	157.84	885.235438087	68.22
	886.235707173	157.63	886.235707173	68.39
	887.235967834	157.65	887.235967834	68.44
	888.236227808	157.53	888.236227808	68.33
	889.236498367	157.59	889.236498367	68.37
	890.236764528	156.81	890.236764528	68.25
	891.236996533	157.52	891.236996533	68.38
	892.237247962	157.59	892.237247962	68.47
	893.237493766	157.56	893.237493766	68.55
	894.237738109	157.61	894.237738109	68.37
	895.237989328	157.52	895.237989328	68.40
	896.238244373	157.63	896.238244373	68.26
	897.238492877	157.68	897.238492877	68.13
	898.238735361	157.56	898.238735361	68.25
	899.238977321	157.62	899.238977321	68.41
	900.239221581	157.61	900.239221581	68.28
	901.239463917	157.54	901.239463917	68.20
	902.239731167	157.63	902.239731167	68.25
	903.239973101	157.63	903.239973101	68.43
	904.240232974	157.50	904.240232974	68.42
	905.240496424	156.56	905.240496424	68.16
	906.240746735	156.31	906.240746735	68.40
	907.240993592	156.40	907.240993592	68.47
	908.241257038	157.61	908.241257038	68.37
	909.241503036	157.53	909.241503036	68.47
	910.241743160	157.59	910.241743160	68.40
	911.241989740	157.61	911.241989740	68.40
	912.242237102	157.56	912.242237102	68.27
	913.242493378	157.62	913.242493378	68.26
	914.242746246	157.63	914.242746246	68.36
	915.242983532	157.55	915.242983532	68.36
	916.243218035	157.61	916.243218035	68.23
	917.243441820	157.60	917.243441820	68.41
	918.243693871	157.51	918.243693871	68.23
	919.243945867	157.58	919.243945867	68.17
	920.244198832	157.52	920.244198832	68.26
	921.244448367	157.60	921.244448367	68.35
	922.244685752	157.61	922.244685752	68.29
	923.244926181	157.54	923.244926181	68.34
	924.245163977	157.58	924.245163977	68.28
	925.245427468	157.48	925.245427468	68.39
	926.245691004	157.62	926.245691004	68.27
	927.245952083	157.61	927.245952083	68.31
	928.246202510	157.47	928.246202510	68.27
	929.246462032	157.51	929.246462032	68.24
	930.246714463	157.52	930.246714463	68.31
	931.246977327	157.44	931.246977327	68.39
	932.247216798	157.54	932.247216798	68.24
	933.247434771	157.48	933.247434771	68.32
	934.247655100	157.46	934.247655100	68.19
	935.247913996	157.46	935.247913996	68.29
	936.248165786	157.44	936.248165786	68.25
	937.248425048	157.51	937.248425048	68.33
	938.248723767	157.57	938.248723767	68.37
	939.248995860	157.50	939.248995860	68.32
	940.249254591	157.54	940.249254591	68.47
	941.249503828	157.46	941.249503828	68.25
	942.249749564	157.56	942.249749564	68.40
	943.250001166	157.51	943.250001166	68.38
	944.250261097	157.45	944.250261097	68.35
	945.250517392	157.66	945.250517392	68.46
	946.250762484	157.68	946.250762484	68.26
	947.250988977	157.46	947.250988977	68.29
	948.251251712	157.49	948.251251712	68.30
	949.251507783	157.46	949.251507783	68.09
	950.251765732	157.39	950.251765732	68.26
	951.252002399	157.47	951.252002399	68.21
	952.252270938	157.48	952.252270938	68.19
	953.252524642	157.47	953.252524642	68.27
	954.252788342	157.52	954.252788342	68.47
	955.253000786	157.48	955.253000786	68.38
	956.253237960	157.40	956.253237960	68.20
	957.253531359	157.39	957.253531359	68.21
	958.253800861	157.52	958.253800861	68.20
	959.254061580	157.45	959.254061580	68.28
	960.254299226	157.46	960.254299226	68.29
	961.254551784	157.37	961.254551784	68.24
	962.254810912	157.44	962.254810912	68.15
	963.254996829	157.37	963.254996829	68.13
	964.255260356	157.45	964.255260356	68.16
	965.255520384	157.43	965.255520384	68.25
	966.255842451	156.84	966.255842451	68.27
	967.256087259	156.24	967.256087259	68.32
	968.256319104	156.45	968.256319104	68.26
	969.256588335	157.36	969.256588335	68.36
	970.256846771	157.47	970.256846771	68.33
	971.257109578	157.48	971.257109578	68.26
	972.257370009	157.40	972.257370009	68.23
	973.257621826	157.45	973.257621826	68.45
	974.257875622	157.43	974.257875622	68.21
	975.258125552	157.36	975.258125552	68.25
	976.258375356	157.46	976.258375356	68.26
	977.258673461	157.50	977.258673461	68.51
	978.258948377	157.41	978.258948377	68.34
	979.259203885	157.45	979.259203885	68.31
	980.259440907	157.45	980.259440907	68.30
	981.259673672	157.36	981.259673672	68.27
	982.259942552	157.46	982.259942552	68.28
	983.260204508	157.45	983.260204508	68.30
	984.260475392	157.41	984.260475392	68.16
	985.260740711	157.41	985.260740711	68.12
	986.260987977	157.57	986.260987977	68.27
	987.261232418	157.44	987.261232418	68.15
	988.261486044	157.44	988.261486044	68.16
	989.261731323	157.60	989.261731323	68.32
	990.261975219	157.42	990.261975219	68.47
	991.262228841	157.42	991.262228841	68.15
	992.262486466	157.57	992.262486466	68.44
	993.262758494	157.42	993.262758494	68.26
	994.262998593	157.39	994.262998593	68.08
	995.263248498	157.51	995.263248498	68.35
	996.263546539	157.47	996.263546539	68.47
	997.263818896	157.42	997.263818896	68.20
	998.264083366	157.50	998.264083366	68.29
	999.264339140	157.50	999.264339140	68.14
	1000.264586170	157.44	1000.264586170	68.25
	1001.264823267	157.53	1001.264823267	68.31
	1002.265085616	157.50	1002.265085616	68.23
	1003.265340602	157.44	1003.265340602	68.08
	1004.265571218	157.50	1004.265571218	68.34
	1005.265830218	157.60	1005.265830218	68.30
	1006.266083864	157.75	1006.266083864	68.16
	1007.266323479	157.45	1007.266323479	68.33
	1008.266583801	157.61	1008.266583801	68.42
	1009.266864820	157.45	1009.266864820	68.30
	1010.267124015	157.46	1010.267124015	68.29
	1011.267377511	157.62	1011.267377511	68.46
	1012.267641548	157.47	1012.267641548	68.16
	1013.267895158	157.46	1013.267895158	68.32
	1014.268157194	157.59	1014.268157194	68.15
	1015.268421466	157.42	1015.268421466	68.29
	1016.268729922	157.44	1016.268729922	67.95
	1017.268987441	157.61	1017.268987441	68.35
	1018.269259823	157.45	1018.269259823	68.29
	1019.269514904	157.44	1019.269514904	68.06
	1020.269777375	157.55	1020.269777375	68.37
	1021.270000568	157.54	1021.270000568	68.31
	1022.270247476	157.51	1022.270247476	68.33
	1023.270481275	157.49	1023.270481275	68.32
	1024.270742932	157.66	1024.270742932	68.31
	1025.270994622	157.48	1025.270994622	68.28
	1026.271253268	157.50	1026.271253268	68.29
	1027.271524194	157.59	1027.271524194	68.33
	1028.271791454	157.53	1028.271791454	68.27
	1029.271996178	157.50	1029.271996178	68.34
	1030.272243004	157.62	1030.272243004	68.19
	1031.272464858	157.60	1031.272464858	68.38
	1032.272683274	157.55	1032.272683274	68.29
	1033.272954184	157.56	1033.272954184	68.25
	1034.273197300	157.74	1034.273197300	68.24
	1035.273475474	157.53	1035.273475474	68.19
	1036.273724665	157.58	1036.273724665	68.18
	1037.273977124	157.62	1037.273977124	68.52
	1038.274217074	157.53	1038.274217074	68.27
	1039.274465425	157.63	1039.274465425	68.32
	1040.274728898	157.59	1040.274728898	68.29
	1041.274981237	157.64	1041.274981237	68.48
	1042.275219811	157.57	1042.275219811	68.35
	1043.275478599	157.74	1043.275478599	68.30
	1044.275738168	157.64	1044.275738168	68.24
	1045.275976985	157.60	1045.275976985	68.26
	1046.276230524	157.70	1046.276230524	68.17
	1047.276830596	157.69	1047.276830596	68.19
	1048.277078711	157.71	1048.277078711	68.24
	1049.277324555	157.67	1049.277324555	68.31
	1050.277564355	157.52	1050.277564355	68.36
	1051.277812896	157.71	1051.277812896	68.42
	1052.278068581	157.70	1052.278068581	68.44
	1053.278314569	157.66	1053.278314569	68.22
	1054.278600490	157.71	1054.278600490	68.23
	1055.278857945	157.70	1055.278857945	68.26
	1056.279119491	157.65	1056.279119491	68.28
	1057.279351356	157.61	1057.279351356	68.30
	1058.279582545	157.80	1058.279582545	68.59
	1059.279849880	157.71	1059.279849880	68.48
	1060.280114426	157.66	1060.280114426	68.36
	1061.280372819	157.87	1061.280372819	68.55
	1062.280636509	157.92	1062.280636509	68.37
	1063.280905937	157.82	1063.280905937	68.31
	1064.281143887	157.66	1064.281143887	68.34
	1065.281404327	157.78	1065.281404327	68.36
	1066.281675585	157.87	1066.281675585	68.37
	1067.281945307	157.89	1067.281945307	68.34
	1068.282194793	157.42	1068.282194793	68.39
	1069.282441711	156.92	1069.282441711	68.30
	1070.282693033	157.61	1070.282693033	68.46
	1071.282960078	157.82	1071.282960078	68.42
	1072.283211917	157.70	1072.283211917	68.37
	1073.283466226	157.82	1073.283466226	68.47
	1074.283748681	157.83	1074.283748681	68.26
	1075.283999412	157.76	1075.283999412	68.29
	1076.284248258	157.26	1076.284248258	68.22
	1077.284514344	157.09	1077.284514344	68.36
	1078.284776324	157.30	1078.284776324	68.28
	1079.284994000	157.81	1079.284994000	68.32
	1080.285250056	157.79	1080.285250056	68.27
	1081.285498841	157.71	1081.285498841	68.20
	1082.285736567	157.81	1082.285736567	68.30
	1083.285961737	157.75	1083.285961737	68.16
	1084.286181061	157.84	1084.286181061	68.45
	1085.286427949	157.80	1085.286427949	68.17
	1086.286691311	157.86	1086.286691311	68.35
	1087.286965796	157.86	1087.286965796	68.42
	1088.287204349	157.78	1088.287204349	68.23
	1089.287464111	157.89	1089.287464111	68.46
	1090.287725077	157.88	1090.287725077	68.38
	1091.287960005	157.80	1091.287960005	68.39
	1092.288163807	157.88	1092.288163807	68.35
	1093.288419376	157.86	1093.288419376	68.20
	1094.288703425	157.87	1094.288703425	68.28
	1095.288950280	157.85	1095.288950280	68.36
	1096.289210072	157.77	1096.289210072	68.27
	1097.289464461	157.88	1097.289464461	68.21
	1098.289708703	157.87	1098.289708703	68.55
	1099.289948901	157.80	1099.289948901	68.32
	1100.290162760	157.90	1100.290162760	68.47
	1101.290412938	157.82	1101.290412938	68.29
	1102.290661960	157.89	1102.290661960	68.46
	1103.290940039	157.92	1103.290940039	68.45
	1104.291190250	157.84	1104.291190250	68.43
	1105.291419970	157.91	1105.291419970	68.39
	1106.291675362	157.95	1106.291675362	68.59
	1107.291945088	157.87	1107.291945088	68.25
	1108.292203152	158.01	1108.292203152	68.08
	1109.292458788	157.85	1109.292458788	68.21
	1110.292713857	157.93	1110.292713857	68.30
	1111.292988896	157.93	1111.292988896	68.40
	1112.293233555	157.89	1112.293233555	68.46
	1113.293512953	157.95	1113.293512953	68.54
	1114.293766316	157.93	1114.293766316	68.44
	1115.294000744	157.86	1115.294000744	68.53
	1116.294255542	157.94	1116.294255542	68.53
	1117.294521788	157.95	1117.294521788	68.30
	1118.294780855	157.87	1118.294780855	68.53
	1119.294989360	157.92	1119.294989360	68.34
	1120.295253499	157.90	1120.295253499	68.46
	1121.295523638	157.85	1121.295523638	68.29
	1122.295785555	157.86	1122.295785555	68.26
	1123.296001520	158.00	1123.296001520	68.58
	1124.296268790	157.97	1124.296268790	68.54
	1125.296529907	157.98	1125.296529907	68.49
	1126.296800253	157.88	1126.296800253	68.29
	1127.297065955	158.25	1127.297065955	68.24
	1128.297941927	158.04	1128.297941927	68.36
	1129.298149018	157.87	1129.298149018	68.39
	1130.298417366	157.97	1130.298417366	68.34
	1131.298698653	158.00	1131.298698653	68.55
	1132.298969859	157.92	1132.298969859	68.44
	1133.299364934	157.99	1133.299364934	68.62
	1134.299765667	157.98	1134.299765667	68.55
	1135.300062690	157.01	1135.300062690	68.31
	1136.300311231	157.02	1136.300311231	68.42
	1137.300566362	157.23	1137.300566362	68.46
	1138.300826436	157.41	1138.300826436	68.54
	1139.301086628	157.38	1139.301086628	68.28
	1140.301342633	157.26	1140.301342633	68.41
	1141.301602109	157.88	1141.301602109	68.42
	1142.301857486	158.01	1142.301857486	68.50
	1143.302113846	157.93	1143.302113846	68.32
	1144.302367735	157.91	1144.302367735	68.30
	1145.302644110	158.03	1145.302644110	68.32
	1146.302914108	158.00	1146.302914108	68.50
	1147.303174559	157.92	1147.303174559	68.38
	1148.303450489	157.98	1148.303450489	68.35
	1149.303711223	157.98	1149.303711223	68.46
	1150.303989541	157.88	1150.303989541	68.48
	1151.304240653	157.97	1151.304240653	68.55
	1152.304534305	157.90	1152.304534305	68.50
	1153.304797499	157.92	1153.304797499	68.35
	1154.304985322	157.95	1154.304985322	68.63
	1155.305219706	157.89	1155.305219706	68.58
	1156.305450794	157.89	1156.305450794	68.48
	1157.305714822	157.86	1157.305714822	68.43
	1158.305994494	157.31	1158.305994494	68.39
	1159.306251386	157.24	1159.306251386	68.23
	1160.306516308	157.28	1160.306516308	68.33
	1161.306786212	157.27	1161.306786212	68.51
	1162.306996858	157.65	1162.306996858	68.49
	1163.307254180	157.88	1163.307254180	68.18
	1164.307499096	158.00	1164.307499096	68.43
	1165.307772271	157.89	1165.307772271	68.52
	1166.307994763	157.87	1166.307994763	68.54
	1167.308242250	157.23	1167.308242250	68.38
	1168.308465517	156.54	1168.308465517	68.40
	1169.308725985	157.30	1169.308725985	68.29
	1170.308992659	157.94	1170.308992659	68.34
	1171.309251693	157.89	1171.309251693	68.27
	1172.309547306	157.78	1172.309547306	68.29
	1173.309821124	157.91	1173.309821124	68.43
	1174.310092050	157.93	1174.310092050	68.26
	1175.310351722	157.85	1175.310351722	68.26
	1176.310625936	157.89	1176.310625936	68.62
	1177.310929883	157.86	1177.310929883	68.46
	1178.311177797	157.81	1178.311177797	68.28
	1179.311437465	157.94	1179.311437465	68.61
	1180.311978641	157.91	1180.311978641	68.50
	1181.312221020	157.88	1181.312221020	68.54
	1182.312800779	158.09	1182.312800779	68.32
	1183.313005421	157.88	1183.313005421	68.45
	1184.313261542	158.01	1184.313261542	68.58
	1185.313521135	157.87	1185.313521135	68.44
	1186.313772923	157.85	1186.313772923	68.29
	1187.313974142	158.24	1187.313974142	68.30
	1188.314200784	157.91	1188.314200784	68.49
	1189.314446523	157.83	1189.314446523	68.39
	1190.314702328	158.00	1190.314702328	68.55
	1191.314997170	157.82	1191.314997170	68.24
	1192.315251107	157.85	1192.315251107	68.58
	1193.315508752	158.01	1193.315508752	68.41
	1194.315775591	157.84	1194.315775591	68.59
	1195.315987910	157.84	1195.315987910	68.40
	1196.316237698	157.83	1196.316237698	68.53
	1197.316486274	158.02	1197.316486274	68.59
	1198.316749073	157.85	1198.316749073	68.53
	1199.316995503	157.86	1199.316995503	68.46
	1200.317247557	157.95	1200.317247557	68.53
	1201.317512148	157.78	1201.317512148	68.41
	1202.317779055	157.79	1202.317779055	68.33
	1203.317995740	157.96	1203.317995740	68.30
	1204.318258080	157.84	1204.318258080	68.25
	1205.318514795	157.79	1205.318514795	68.44
	1206.318774180	157.97	1206.318774180	68.53
	1207.318986796	157.78	1207.318986796	68.30
	1208.319239067	157.79	1208.319239067	68.48
	1209.319507517	157.88	1209.319507517	68.55
	1210.319769592	157.87	1210.319769592	68.43
	1211.320065401	157.76	1211.320065401	68.46
	1212.320320177	157.86	1212.320320177	68.38
	1213.320561505	157.94	1213.320561505	68.65
	1214.320813361	157.75	1214.320813361	68.52
	1215.321075309	157.85	1215.321075309	68.54
	1216.321310549	157.87	1216.321310549	68.29
	1217.321561025	157.80	1217.321561025	68.53
	1218.321826253	157.78	1218.321826253	68.27
	1219.322078452	157.91	1219.322078452	68.42
	1220.322337828	157.79	1220.322337828	68.36
	1221.322585125	157.77	1221.322585125	68.65
	1222.322831658	157.99	1222.322831658	68.62
	1223.323056171	157.79	1223.323056171	68.08
	1224.323304350	157.77	1224.323304350	68.35
	1225.323548270	157.94	1225.323548270	68.53
	1226.323787392	157.76	1226.323787392	68.21
	1227.323998507	157.80	1227.323998507	68.41
	1228.324247967	157.92	1228.324247967	68.54
	1229.324501027	157.86	1229.324501027	68.26
	1230.324812019	157.78	1230.324812019	68.31
	1231.325076752	157.83	1231.325076752	68.53
	1232.325323118	157.85	1232.325323118	68.18
	1233.325581411	157.76	1233.325581411	68.32
	1234.325841095	157.78	1234.325841095	68.29
	1235.326096658	157.91	1235.326096658	68.29
	1236.326348859	157.77	1236.326348859	68.24
	1237.326601973	157.77	1237.326601973	68.39
	1238.326859681	157.93	1238.326859681	68.21
	1239.327101206	157.78	1239.327101206	68.28
	1240.327331471	157.75	1240.327331471	68.33
	1241.327549096	157.82	1241.327549096	68.42
	1242.327792295	157.82	1242.327792295	68.48
	1243.328061620	157.76	1243.328061620	68.22
	1244.328306615	157.76	1244.328306615	68.45
	1245.328570467	157.97	1245.328570467	68.52
	1246.328828183	157.74	1246.328828183	68.42
	1247.329077974	157.74	1247.329077974	68.44
	1248.329318307	158.20	1248.329318307	68.53
	1249.329559818	157.77	1249.329559818	68.34
	1250.329841796	157.78	1250.329841796	68.29
	1251.330099656	157.84	1251.330099656	68.30
	1252.330373575	157.84	1252.330373575	68.20
	1253.330633023	157.84	1253.330633023	68.32
	1254.330886624	157.78	1254.330886624	68.31
	1255.331129732	157.86	1255.331129732	68.27
	1256.331377509	157.75	1256.331377509	68.26
	1257.331620839	157.89	1257.331620839	68.38
	1258.331881204	157.86	1258.331881204	68.48
	1259.332124199	157.72	1259.332124199	68.48
	1260.332378401	157.81	1260.332378401	68.41
	1261.332643863	157.80	1261.332643863	68.47
	1262.332913720	157.80	1262.332913720	68.47
	1263.333167383	157.81	1263.333167383	68.43
	1264.333412402	157.84	1264.333412402	68.41
	1265.333646431	157.76	1265.333646431	68.31
	1266.333898643	157.81	1266.333898643	68.25
	1267.334142035	157.75	1267.334142035	68.33
	1268.334394366	157.82	1268.334394366	68.23
	1269.334697740	157.79	1269.334697740	68.34
	1270.334956176	157.71	1270.334956176	68.39
	1271.335201466	157.84	1271.335201466	68.42
	1272.335438323	157.72	1272.335438323	68.33
	1273.335688607	157.78	1273.335688607	68.39
	1274.335941190	157.80	1274.335941190	68.33
	1275.336164408	157.69	1275.336164408	68.28
	1276.336417299	157.79	1276.336417299	68.43
	1277.336678790	157.76	1277.336678790	68.11
	1278.336945746	157.70	1278.336945746	68.47
	1279.337200654	157.80	1279.337200654	68.48
	1280.337452824	157.80	1280.337452824	68.43
	1281.337721189	157.70	1281.337721189	68.32
	1282.337973340	157.79	1282.337973340	68.38
	1283.338219771	157.74	1283.338219771	68.29
	1284.338473530	157.70	1284.338473530	68.29
	1285.338719880	157.74	1285.338719880	68.27
	1286.338966297	157.66	1286.338966297	68.23
	1287.339200875	157.80	1287.339200875	68.25
	1288.339442277	157.70	1288.339442277	68.36
	1289.339736693	157.75	1289.339736693	68.34
	1290.339989459	157.76	1290.339989459	68.48
	1291.340224312	157.69	1291.340224312	68.27
	1292.340474739	157.75	1292.340474739	68.44
	1293.340716587	157.77	1293.340716587	68.41
	1294.340976667	157.67	1294.340976667	68.33
	1295.341205062	157.79	1295.341205062	68.56
	1296.341436503	157.68	1296.341436503	68.42
	1297.341683896	157.77	1297.341683896	68.47
	1298.341948291	157.76	1298.341948291	68.37
	1299.342210073	157.67	1299.342210073	68.32
	1300.342479528	157.73	1300.342479528	68.24
	1301.342728650	157.75	1301.342728650	68.24
	1302.342975626	157.86	1302.342975626	68.22
	1303.343218428	157.77	1303.343218428	68.51
	1304.343477801	157.66	1304.343477801	68.26
	1305.343731012	157.76	1305.343731012	68.35
	1306.343952004	157.75	1306.343952004	68.44
	1307.344183930	157.67	1307.344183930	68.25
	1308.344438834	158.00	1308.344438834	68.37
	1309.344713310	157.77	1309.344713310	68.33
	1310.344954530	157.72	1310.344954530	68.32
	1311.346943616	157.99	1311.346943616	68.50
	1312.347164870	157.74	1312.347164870	68.09
	1313.347400053	157.70	1313.347400053	68.27
	1314.349217474	158.00	1314.349217474	68.57
	1315.349462115	157.78	1315.349462115	68.13
	1316.349728963	157.69	1316.349728963	68.41
	1317.349983003	156.66	1317.349983003	68.48
	1318.350245275	156.41	1318.350245275	68.24
	1319.350512832	156.61	1319.350512832	68.34
	1320.350781614	157.74	1320.350781614	68.47
	1321.350987054	157.70	1321.350987054	68.39
	1322.351240421	157.76	1322.351240421	68.46
	1323.351512886	157.75	1323.351512886	68.30
	1324.351772404	157.75	1324.351772404	68.40
	1325.351984064	157.64	1325.351984064	68.37
	1326.352236318	157.71	1326.352236318	68.36
	1327.352484556	157.65	1327.352484556	68.16
	1328.352762416	157.72	1328.352762416	68.39
	1329.352983197	157.72	1329.352983197	68.38
	1330.353213782	157.62	1330.353213782	68.37
	1331.353469013	157.74	1331.353469013	68.51
	1332.353737633	157.68	1332.353737633	68.35
	1333.353995443	157.66	1333.353995443	68.27
	1334.354247116	157.72	1334.354247116	68.55
	1335.354499424	157.61	1335.354499424	68.36
	1336.354754300	157.65	1336.354754300	68.28
	1337.354996011	157.61	1337.354996011	68.22
	1338.355253245	157.71	1338.355253245	68.52
	1339.355504927	157.70	1339.355504927	68.39
	1340.355761389	157.62	1340.355761389	68.40
	1341.355996698	157.72	1341.355996698	68.30
	1342.356235301	157.71	1342.356235301	68.35
	1343.356481323	157.61	1343.356481323	68.24
	1344.356719073	157.69	1344.356719073	68.42
	1345.356975336	157.65	1345.356975336	68.25
	1346.357234152	157.60	1346.357234152	68.24
	1347.357494800	157.70	1347.357494800	68.49
	1348.357738921	157.72	1348.357738921	68.21
	1349.357995695	157.65	1349.357995695	68.30
	1350.358244623	157.69	1350.358244623	68.25
	1351.358477665	157.61	1351.358477665	68.40
	1352.358748884	157.69	1352.358748884	68.49
	1353.359000566	157.63	1353.359000566	68.31
	1354.359256224	157.70	1354.359256224	68.56
	1355.359516266	157.67	1355.359516266	68.36
	1356.359780177	157.64	1356.359780177	68.37
	1357.359998697	157.70	1357.359998697	68.45
	1358.360261029	157.70	1358.360261029	68.36
	1359.360525020	157.61	1359.360525020	68.21
	1360.360784139	157.70	1360.360784139	68.24
	1361.361002738	157.68	1361.361002738	68.55
	1362.361243912	157.65	1362.361243912	68.26
	1363.361479737	157.73	1363.361479737	68.40
	1364.361724267	157.67	1364.361724267	68.41
	1365.362058103	157.62	1365.362058103	68.35
	1366.362308886	157.69	1366.362308886	68.29
	1367.362606810	157.63	1367.362606810	68.26
	1368.362870440	157.57	1368.362870440	68.17
	1369.363126254	157.96	1369.363126254	68.25
	1370.363355668	157.66	1370.363355668	68.27
	1371.363603049	157.60	1371.363603049	68.31
	1372.363867466	157.64	1372.363867466	68.24
	1373.364111151	157.64	1373.364111151	68.50
	1374.364359193	157.58	1374.364359193	68.23
	1375.364622744	157.64	1375.364622744	68.34
	1376.364884906	157.61	1376.364884906	68.33
	1377.365136439	157.59	1377.365136439	68.49
	1378.365385087	157.57	1378.365385087	68.25
	1379.365642723	157.63	1379.365642723	68.31
	1380.365898131	157.62	1380.365898131	68.53
	1381.366148584	157.56	1381.366148584	68.13
	1382.366399748	157.62	1382.366399748	68.21
	1383.366649865	157.57	1383.366649865	68.20
	1384.366907053	157.53	1384.366907053	68.27
	1385.367159023	157.62	1385.367159023	68.29
	1386.367433466	157.63	1386.367433466	68.22
	1387.367680462	157.55	1387.367680462	68.33
	1388.367965809	157.62	1388.367965809	68.13
	1389.368216509	157.58	1389.368216509	68.40
	1390.368473433	157.51	1390.368473433	68.41
	1391.368722692	157.35	1391.368722692	68.27
	1392.368980472	157.82	1392.368980472	68.38
	1393.369227899	157.89	1393.369227899	68.30
	1394.369459741	159.02	1394.369459741	68.04
	1395.369660580	160.32	1395.369660580	68.27
	1396.369816780	139.49	1396.369816780	50.14
	1397.369958735	136.07	1397.369958735	31.47
	1398.370158444	133.77	1398.370158444	73.29
	1399.370447795	133.48	1399.370447795	76.87
	1400.370833341	144.53	1400.370833341	80.42
	1401.371179941	143.98	1401.371179941	77.80
	1402.371558025	145.29	1402.371558025	80.55
	1403.371917958	143.59	1403.371917958	77.66
	1404.372377506	145.92	1404.372377506	80.65
	1405.372762919	143.03	1405.372762919	77.71
	1406.373195363	146.24	1406.373195363	80.82
	1407.373522336	142.50	1407.373522336	77.40
	1408.373856062	146.87	1408.373856062	80.79
	1409.374192774	142.48	1409.374192774	77.61
	1410.374505607	146.63	1410.374505607	80.63
	1411.374868790	142.56	1411.374868790	77.46
	1412.375241719	146.77	1412.375241719	80.69
	1413.375615661	142.59	1413.375615661	77.83
	1414.375942100	146.29	1414.375942100	80.25
	1415.376257505	142.68	1415.376257505	77.95
	1416.376575752	145.88	1416.376575752	79.59
	1417.376887664	143.13	1417.376887664	78.87
	1418.377215637	147.68	1418.377215637	79.71
	1419.377499000	137.29	1419.377499000	80.61
	1420.377804615	133.16	1420.377804615	77.44
	1421.378174784	144.17	1421.378174784	80.29
	1422.378541876	144.32	1422.378541876	77.52
	1423.378911677	145.11	1423.378911677	79.48
	1424.379279462	143.59	1424.379279462	77.81
	1425.379675586	145.30	1425.379675586	80.44
	1426.380033347	143.10	1426.380033347	77.71
	1427.380379193	145.62	1427.380379193	80.27
	1428.380743314	142.93	1428.380743314	77.41
	1429.381113050	144.43	1429.381113050	71.30
	1430.381480484	143.18	1430.381480484	77.70
	1431.381839468	145.68	1431.381839468	80.42
	1432.382206302	142.65	1432.382206302	77.67
	1433.382589858	146.18	1433.382589858	80.85
	1434.382938252	142.16	1434.382938252	77.55
	1435.383272313	146.65	1435.383272313	80.82
	1436.383641061	142.08	1436.383641061	77.22
	1437.384026622	146.66	1437.384026622	80.92
	1438.384393118	142.06	1438.384393118	77.43
	1439.384735564	146.61	1439.384735564	80.72
	1440.385000004	139.80	1440.385000004	79.10
	1441.385265914	132.04	1441.385265914	79.07
	1442.385563100	142.41	1442.385563100	78.50
	1443.385909129	145.14	1443.385909129	78.74
	1444.386233599	143.18	1444.386233599	79.49
	1445.386624255	144.71	1445.386624255	77.99
	1446.386973714	143.88	1446.386973714	80.08
	1447.387354420	144.27	1447.387354420	77.96
	1448.387723030	144.30	1448.387723030	80.44
	1449.388050534	143.59	1449.388050534	77.91
	1450.388412984	144.97	1450.388412984	80.65
	1451.388786018	143.19	1451.388786018	77.87
	1452.389184106	145.34	1452.389184106	80.45
	1453.389559027	142.75	1453.389559027	77.38
	1454.389938286	145.86	1454.389938286	80.36
	1455.390303390	142.47	1455.390303390	77.39
	1456.390650183	146.35	1456.390650183	80.57
	1457.391021331	142.20	1457.391021331	77.20
	1458.391442522	146.50	1458.391442522	80.90
	1459.391798983	142.33	1459.391798983	77.33
	1460.392154761	146.51	1460.392154761	81.03
	1461.392474846	140.77	1461.392474846	78.48
	1462.392764457	131.88	1462.392764457	79.59
	1463.393035085	142.09	1463.393035085	78.51
	1464.393439017	145.58	1464.393439017	79.27
	1465.393775465	142.96	1465.393775465	79.07
	1466.394131344	145.15	1466.394131344	78.59
	1467.394446477	143.89	1467.394446477	79.59
	1468.394832784	144.61	1468.394832784	77.77
	1469.395237993	144.38	1469.395237993	80.45
	1470.395631980	144.00	1470.395631980	77.88
	1471.396012939	144.85	1471.396012939	80.42
	1472.396347018	143.67	1472.396347018	77.71
	1473.396666960	145.30	1473.396666960	80.41
	1474.397037655	143.25	1474.397037655	77.67
	1475.397412422	145.68	1475.397412422	80.68
	1476.397795948	142.93	1476.397795948	77.62
	1477.398597248	146.26	1477.398597248	80.66
	1478.398841401	142.27	1478.398841401	77.26
	1479.399039857	146.66	1479.399039857	80.79
	1480.399399243	142.34	1480.399399243	77.51
	1481.399782222	146.60	1481.399782222	80.98
	1482.400110437	141.86	1482.400110437	78.58
	1483.400386637	131.87	1483.400386637	79.71
	1484.400757116	142.08	1484.400757116	77.91
	1485.401102600	145.99	1485.401102600	79.49
	1486.401412428	142.93	1486.401412428	78.66
	1487.401753209	145.52	1487.401753209	78.73
	1488.402033322	143.71	1488.402033322	79.50
	1489.402355361	144.95	1489.402355361	78.15
	1490.402667860	145.01	1490.402667860	78.10
	1491.403027499	144.63	1491.403027499	77.62
	1492.403377064	144.42	1492.403377064	80.21
	1493.403707801	144.21	1493.403707801	77.80
	1494.404023905	144.77	1494.404023905	80.31
	1495.404375806	143.54	1495.404375806	77.82
	1496.404731745	145.41	1496.404731745	80.48
	1497.405089971	143.34	1497.405089971	77.68
	1498.405393721	145.81	1498.405393721	80.69
	1499.405761223	142.53	1499.405761223	77.56
	1500.406162859	146.29	1500.406162859	80.55
	1501.406522863	142.29	1501.406522863	77.51
	1502.406888324	146.62	1502.406888324	80.68
	1503.407228484	142.23	1503.407228484	78.53
	1504.407475463	132.13	1504.407475463	80.56
	1505.407768291	141.03	1505.407768291	77.20
	1506.408102570	146.05	1506.408102570	80.04
	1507.408423583	142.44	1507.408423583	77.74
	1508.408795390	145.70	1508.408795390	79.42
	1509.409146009	143.11	1509.409146009	78.67
	1510.409471834	145.27	1510.409471834	78.71
	1511.409791170	143.53	1511.409791170	79.43
	1512.410128024	144.74	1512.410128024	78.00
	1513.410426347	144.10	1513.410426347	80.12
	1514.410780696	144.36	1514.410780696	77.60
	1515.411153974	144.55	1515.411153974	80.51
	1516.411780206	143.83	1516.411780206	77.70
	1517.412173268	145.15	1517.412173268	80.38
	1518.412526528	143.23	1518.412526528	77.63
	1519.412845998	145.45	1519.412845998	80.70
	1520.413196780	142.89	1520.413196780	77.39
	1521.413587325	146.05	1521.413587325	80.47
	1522.413976068	142.33	1522.413976068	77.33
	1523.414399268	146.36	1523.414399268	80.75
	1524.414729880	143.11	1524.414729880	78.64
	1525.415028809	132.54	1525.415028809	80.69
	1526.415373699	139.94	1526.415373699	77.13
	1527.415705291	146.33	1527.415705291	80.44
	1528.415978953	142.13	1528.415978953	77.59
	1529.416288947	145.92	1529.416288947	80.02
	1530.416615568	142.91	1530.416615568	78.28
	1531.416945720	145.40	1531.416945720	79.16
	1532.417275004	143.22	1532.417275004	79.03
	1533.417600246	144.85	1533.417600246	78.13
	1534.417934934	143.84	1534.417934934	80.05
	1535.418301675	144.59	1535.418301675	77.48
	1536.418689091	144.32	1536.418689091	80.09
	1537.419042209	143.90	1537.419042209	77.81
	1538.419413403	144.76	1538.419413403	80.57
	1539.419767644	143.55	1539.419767644	77.83
	1540.420142810	145.17	1540.420142810	80.58
	1541.420522806	142.99	1541.420522806	77.41
	1542.420964255	146.15	1542.420964255	80.13
	1543.421317768	142.79	1543.421317768	77.26
	1544.421680751	146.11	1544.421680751	80.73
	1545.421996126	143.64	1545.421996126	78.53
	1546.422259620	133.20	1546.422259620	80.97
	1547.422578082	138.41	1547.422578082	76.57
	1548.422918181	146.35	1548.422918181	80.86
	1549.423255788	142.08	1549.423255788	77.46
	1550.423559241	146.95	1550.423559241	79.36
	1551.423849313	142.38	1551.423849313	77.75
	1552.424177297	145.95	1552.424177297	79.66
	1553.424520099	142.75	1553.424520099	78.46
	1554.424880338	145.33	1554.424880338	78.62
	1555.425231033	143.28	1555.425231033	79.09
	1556.425570469	144.97	1556.425570469	78.36
	1557.425906618	143.84	1557.425906618	79.58
	1558.426283698	144.46	1558.426283698	77.81
	1559.426630770	144.28	1559.426630770	80.37
	1560.426987403	144.05	1560.426987403	77.83
	1561.427320826	144.78	1561.427320826	79.45
	1562.428263981	143.59	1562.428263981	77.80
	1563.428547756	145.15	1563.428547756	80.51
	1564.428883097	143.06	1564.428883097	77.72
	1565.429247635	145.62	1565.429247635	80.56
	1566.429580883	145.00	1566.429580883	77.87
	1567.429855141	134.58	1567.429855141	81.16
	1568.430165558	135.91	1568.430165558	76.37
	1569.430540932	146.31	1569.430540932	80.93
	1570.430900956	142.08	1570.430900956	77.46
	1571.431234723	146.52	1571.431234723	80.64
	1572.431597503	142.24	1572.431597503	77.45
	1573.431950856	146.33	1573.431950856	80.48
	1574.432249141	142.43	1574.432249141	77.87
	1575.432667325	145.77	1575.432667325	79.63
	1576.433213146	142.94	1576.433213146	78.64
	1577.433540780	145.46	1577.433540780	78.61
	1578.433881745	143.50	1578.433881745	79.30
	1579.434225689	144.66	1579.434225689	78.01
	1580.434540556	144.13	1580.434540556	80.25
	1581.434957949	144.44	1581.434957949	77.51
	1582.435292392	144.54	1582.435292392	80.42
	1583.435657847	143.90	1583.435657847	77.82
	1584.436043906	145.07	1584.436043906	80.45
	1585.436429736	143.36	1585.436429736	77.81
	1586.436818066	145.49	1586.436818066	80.52
	1587.437138680	146.03	1587.437138680	78.17
	1588.437398959	135.24	1588.437398959	81.31
	1589.437738861	134.90	1589.437738861	76.46
	1590.438107766	146.45	1590.438107766	80.82
	1591.438484347	142.16	1591.438484347	77.22
	1592.438867898	146.71	1592.438867898	80.85
	1593.439212808	142.17	1593.439212808	77.40
	1594.439516998	146.70	1594.439516998	80.87
	1595.439857711	142.22	1595.439857711	77.70
	1596.440186051	146.17	1596.440186051	79.89
	1597.440480247	142.69	1597.440480247	78.04
	1598.440791381	145.74	1598.440791381	79.02
	1599.441101107	143.30	1599.441101107	79.05
	1600.441422400	145.23	1600.441422400	78.58
	1601.441768957	143.80	1601.441768957	79.74
	1602.442146944	144.91	1602.442146944	77.85
	1603.442481310	144.42	1603.442481310	80.33
	1604.442829260	144.16	1604.442829260	78.02
	1605.443183275	144.98	1605.443183275	80.34
	1606.443522715	143.72	1606.443522715	77.86
	1607.443841671	145.42	1607.443841671	80.12
	1608.444079016	143.26	1608.444079016	71.87
	1609.444219931	116.08	1609.444219931	46.10
	1610.444367909	135.35	1610.444367909	64.86
	1611.444538934	143.24	1611.444538934	72.94
	1612.444790418	145.53	1612.444790418	80.62
	1613.445044870	138.65	1613.445044870	71.13
	1614.445220686	145.16	1614.445220686	74.40
	1615.445516435	139.26	1615.445516435	80.62
	1616.445793648	129.50	1616.445793648	62.98
	1617.445961993	130.75	1617.445961993	58.09
	1618.446114766	115.98	1618.446114766	45.51
	1619.446268912	135.41	1619.446268912	64.42
	1620.446450393	144.40	1620.446450393	72.95
	1621.446735810	145.79	1621.446735810	80.82
	1622.446959366	136.01	1622.446959366	69.87
	1623.447135763	144.08	1623.447135763	72.98
	1624.447420754	139.05	1624.447420754	80.53
	1625.447713278	130.26	1625.447713278	63.86
	1626.447866834	131.08	1626.447866834	58.67
	1627.448030353	116.02	1627.448030353	46.25
	1628.448181221	135.11	1628.448181221	64.27
	1629.448348298	143.47	1629.448348298	72.58
	1630.448594018	145.88	1630.448594018	80.73
	1631.448838054	136.55	1631.448838054	70.85
	1632.448994547	144.09	1632.448994547	72.66
	1633.449278144	139.64	1633.449278144	80.51
	1634.449551533	130.35	1634.449551533	64.40
	1635.449696090	131.63	1635.449696090	58.64
	1636.449846673	115.99	1636.449846673	46.12
	1637.449967178	134.06	1637.449967178	64.03
	1638.450138412	142.79	1638.450138412	72.05
	1639.450406391	146.19	1639.450406391	80.64
	1640.450763387	135.30	1640.450763387	70.89
	1641.450958492	143.82	1641.450958492	72.27
	1642.451250414	139.51	1642.451250414	80.34
	1643.451517526	131.30	1643.451517526	65.36
	1644.451671617	131.85	1644.451671617	58.72
	1645.451828117	115.95	1645.451828117	46.11
	1646.451955826	133.54	1646.451955826	63.61
	1647.452130730	143.70	1647.452130730	71.57
	1648.452402318	146.07	1648.452402318	80.57
	1649.452682514	135.66	1649.452682514	71.56
	1650.452849696	143.73	1650.452849696	72.85
	1651.453093624	139.44	1651.453093624	80.55
	1652.453317694	131.73	1652.453317694	65.89
	1653.453474977	130.88	1653.453474977	59.12
	1654.453628724	116.02	1654.453628724	46.00
	1655.453787615	132.43	1655.453787615	63.00
	1656.453975805	142.14	1656.453975805	70.63
	1657.454268458	146.49	1657.454268458	80.88
	1658.454559749	135.93	1658.454559749	72.33
	1659.454749429	142.43	1659.454749429	71.30
	1660.455012167	139.17	1660.455012167	80.46
	1661.455279167	132.59	1661.455279167	67.22
	1662.455428410	131.29	1662.455428410	59.30
	1663.455569782	117.39	1663.455569782	45.58
	1664.455739813	130.59	1664.455739813	61.23
	1665.455932622	142.78	1665.455932622	68.94
	1666.456214830	146.93	1666.456214830	80.90
	1667.456513358	136.08	1667.456513358	73.38
	1668.456705841	141.47	1668.456705841	69.81
	1669.456973907	141.56	1669.456973907	80.89
	1670.457212555	133.51	1670.457212555	69.02
	1671.457373600	128.28	1671.457373600	58.75
	1672.457539093	121.03	1672.457539093	45.39
	1673.457689336	128.00	1673.457689336	59.22
	1674.457866097	141.67	1674.457866097	67.56
	1675.458131224	147.02	1675.458131224	80.85
	1676.458396709	137.19	1676.458396709	75.52
	1677.458575964	141.06	1677.458575964	68.18
	1678.458840059	143.44	1678.458840059	80.96
	1679.459138290	134.60	1679.459138290	72.23
	1680.459338701	124.02	1680.459338701	57.20
	1681.459547594	124.57	1681.459547594	48.22
	1682.459719848	126.28	1682.459719848	58.67
	1683.459918079	141.20	1683.459918079	66.25
	1684.460209291	146.95	1684.460209291	81.25
	1685.460488820	136.94	1685.460488820	76.25
	1686.460660196	141.39	1686.460660196	66.26
	1687.460933355	144.88	1687.460933355	80.87
	1688.461143766	135.11	1688.461143766	74.02
	1689.461307761	122.79	1689.461307761	56.79
	1690.461477549	126.63	1690.461477549	49.17
	1691.461627460	124.96	1691.461627460	56.38
	1692.461790692	139.69	1692.461790692	65.25
	1693.462046199	146.41	1693.462046199	81.05
	1694.462331798	137.51	1694.462331798	77.54
	1695.462525008	139.98	1695.462525008	65.10
	1696.462763454	144.64	1696.462763454	81.00
	1697.462964722	136.42	1697.462964722	75.55
	1698.463137874	119.72	1698.463137874	55.55
	1699.463286620	127.86	1699.463286620	51.49
	1700.463441517	123.73	1700.463441517	56.63
	1701.463623296	140.64	1701.463623296	64.49
	1702.463913127	146.28	1702.463913127	81.08
	1703.464171344	138.11	1703.464171344	78.18
	1704.464350824	139.15	1704.464350824	63.95
	1705.464584164	145.60	1705.464584164	80.70
	1706.464803804	139.19	1706.464803804	77.16
	1707.464965569	119.29	1707.464965569	55.25
	1708.465123549	129.01	1708.465123549	52.23
	1709.465279807	122.15	1709.465279807	55.56
	1710.465463977	140.39	1710.465463977	63.68
	1711.465715575	146.79	1711.465715575	80.92
	1712.465963393	137.91	1712.465963393	79.24
	1713.466151911	140.14	1713.466151911	64.06
	1714.466417268	146.42	1714.466417268	80.74
	1715.466640796	138.51	1715.466640796	78.30
	1716.466800078	119.57	1716.466800078	55.36
	1717.466962727	128.92	1717.466962727	52.41
	1718.467142627	121.27	1718.467142627	55.25
	1719.467344886	140.24	1719.467344886	63.30
	1720.467550894	146.25	1720.467550894	80.68
	1721.467775962	137.67	1721.467775962	79.63
	1722.467949551	139.69	1722.467949551	62.81
	1723.468167873	146.32	1723.468167873	80.60
	1724.468391111	138.70	1724.468391111	78.91
	1725.468554180	118.91	1725.468554180	54.64
	1726.468712223	128.89	1726.468712223	53.62
	1727.468914994	119.55	1727.468914994	53.09
	1728.469128882	141.05	1728.469128882	63.95
	1729.469320749	147.44	1729.469320749	80.01
	1730.469572928	138.26	1730.469572928	79.78
	1731.469773838	140.26	1731.469773838	64.35
	1732.469955651	146.24	1732.469955651	79.98
	1733.470171096	138.73	1733.470171096	79.67
	1734.470381700	120.45	1734.470381700	55.45
	1735.470545932	130.35	1735.470545932	53.35
	1736.470787720	117.99	1736.470787720	50.87
	1737.470964897	141.02	1737.470964897	65.92
	1738.471159706	146.82	1738.471159706	78.80
	1739.471399067	139.51	1739.471399067	79.93
	1740.471617543	139.23	1740.471617543	65.33
	1741.471820615	145.59	1741.471820615	79.00
	1742.472124170	138.27	1742.472124170	79.68
	1743.472374083	121.08	1743.472374083	55.73
	1744.472535037	131.22	1744.472535037	55.63
	1745.472715460	117.76	1745.472715460	50.58
	1746.472902295	141.14	1746.472902295	66.07
	1747.473091077	146.01	1747.473091077	78.17
	1748.473352914	140.39	1748.473352914	80.10
	1749.473579497	139.72	1749.473579497	65.61
	1750.473771541	145.94	1750.473771541	78.48
	1751.474019248	138.16	1751.474019248	80.07
	1752.474301930	121.92	1752.474301930	56.69
	1753.474461153	129.73	1753.474461153	55.04
	1754.474651248	117.42	1754.474651248	49.89
	1755.474848909	141.19	1755.474848909	65.82
	1756.475048423	146.47	1756.475048423	78.03
	1757.475401992	140.34	1757.475401992	79.98
	1758.475847265	139.54	1758.475847265	65.57
	1759.476052830	146.79	1759.476052830	78.78
	1760.476337348	137.97	1760.476337348	79.93
	1761.476604878	122.05	1761.476604878	56.49
	1762.476764311	130.43	1762.476764311	56.28
	1763.476953594	117.08	1763.476953594	49.10
	1764.477150661	140.57	1764.477150661	66.41
	1765.477368604	144.92	1765.477368604	77.97
	1766.477653185	140.80	1766.477653185	80.11
	1767.477880763	137.86	1767.477880763	65.23
	1768.478065985	144.75	1768.478065985	77.36
	1769.478333626	138.38	1769.478333626	80.01
	1770.478559093	123.71	1770.478559093	57.81
	1771.478707007	132.52	1771.478707007	55.51
	1772.478882417	116.23	1772.478882417	47.13
	1773.479242334	140.20	1773.479242334	67.48
	1774.479417101	145.25	1774.479417101	76.77
	1775.479701822	142.78	1775.479701822	79.92
	1776.479963414	137.49	1776.479963414	66.89
	1777.480127744	146.12	1777.480127744	76.54
	1778.480375391	138.60	1778.480375391	79.89
	1779.480648866	124.68	1779.480648866	58.91
	1780.480809342	131.82	1780.480809342	56.97
	1781.480994247	116.09	1781.480994247	45.84
	1782.481180882	139.80	1782.481180882	68.74
	1783.481371054	145.40	1783.481371054	75.95
	1784.481641321	143.66	1784.481641321	80.12
	1785.481891783	136.80	1785.481891783	67.15
	1786.482077034	144.32	1786.482077034	75.91
	1787.482352717	138.02	1787.482352717	80.15
	1788.482625416	125.62	1788.482625416	59.52
