"Dstat 0.7.2 CSV output"
"Author:","Dag Wieers <dag@wieers.com>",,,,"URL:","http://dag.wieers.com/home-made/dstat/"
"Host:","COMPUTE-1-1",,,,"User:","root"
"Cmdline:","dstat -cdgilmnprsty --output /home/ozx/2019-12-27/2019-12-27-08-37-55-dstat",,,,"Date:","27 Dec 2019 08:37:55 CST"

"total cpu usage",,,,,,"dsk/total",,"paging",,"interrupts",,,"load avg",,,"memory usage",,,,"net/total",,"procs",,,"io/total",,"swap",,"system","system",
"usr","sys","idl","wai","hiq","siq","read","writ","in","out","54","55","56","1m","5m","15m","used","buff","cach","free","recv","send","run","blk","new","read","writ","used","free","time","int","csw"
2.141,0.198,96.979,0.655,0.0,0.027,6522.002,1175846.222,0.0,0.0,0.500,0.124,105.765,0.320,0.750,2.730,2907095040.0,2195456.0,12044144640.0,52315328512.0,0.0,0.0,0.000,0.000,22.339,0.390,76.497,0.0,33755754496.0,27-12 08:37:55,10952.720,2356.445
15.065,41.842,40.541,2.352,0.0,0.200,0.0,2228224.0,0.0,0.0,0.0,1332.0,78.0,0.320,0.750,2.730,19979902976.0,2195456.0,12066979840.0,35219685376.0,17742.0,13594.0,20.0,1.0,461.0,0.0,536.0,0.0,33755754496.0,27-12 08:37:56,25537.0,49101.0
90.095,9.855,0.0,0.0,0.0,0.050,0.0,815104.0,0.0,0.0,1.0,0.0,65.0,0.320,0.750,2.730,24574296064.0,2195456.0,12066979840.0,30625292288.0,18357.0,17240.0,20.0,0.0,15.0,0.0,191.0,0.0,33755754496.0,27-12 08:37:57,23217.0,1960.0
99.700,0.200,0.0,0.0,0.0,0.100,0.0,12288.0,0.0,0.0,0.0,0.0,74.0,0.320,0.750,2.730,24574369792.0,2195456.0,12066983936.0,30625214464.0,13561.0,12838.0,20.0,0.0,21.0,0.0,4.0,0.0,33755754496.0,27-12 08:37:58,22915.0,1933.0
99.650,0.300,0.0,0.0,0.0,0.050,0.0,8192.0,0.0,0.0,1.0,0.0,137.0,0.320,0.750,2.730,24574111744.0,2195456.0,12066983936.0,30625472512.0,152541.0,17480.0,20.0,0.0,20.0,0.0,2.0,0.0,33755754496.0,27-12 08:37:59,23059.0,1881.0
99.700,0.250,0.0,0.0,0.0,0.050,0.0,12288.0,0.0,0.0,0.0,0.0,69.0,2.060,1.100,2.830,24574324736.0,2195456.0,12066988032.0,30625255424.0,18891.0,15308.0,21.0,0.0,15.0,0.0,4.0,0.0,33755754496.0,27-12 08:38:00,23006.0,1793.0
99.500,0.350,0.0,0.050,0.0,0.100,0.0,6777856.0,0.0,0.0,1.0,0.0,75.0,2.060,1.100,2.830,24578961408.0,2195456.0,12066988032.0,30620618752.0,16033.0,15806.0,36.0,1.0,50.0,0.0,192.0,0.0,33755754496.0,27-12 08:38:01,22692.0,2952.0
98.300,1.500,0.0,0.0,0.0,0.200,0.0,2861056.0,0.0,0.0,0.0,0.0,457.0,2.060,1.100,2.830,24587161600.0,2195456.0,12067041280.0,30612365312.0,91142.0,62754.0,21.0,0.0,63.0,0.0,487.0,0.0,33755754496.0,27-12 08:38:02,23590.0,4486.0
99.700,0.250,0.0,0.0,0.0,0.050,0.0,8192.0,0.0,0.0,1.0,0.0,90.0,2.060,1.100,2.830,24587120640.0,2195456.0,12067041280.0,30612406272.0,16914.0,12587.0,21.0,0.0,14.0,0.0,2.0,0.0,33755754496.0,27-12 08:38:03,22981.0,1792.0
99.750,0.200,0.0,0.0,0.0,0.050,0.0,24576.0,0.0,0.0,0.0,0.0,125.0,2.060,1.100,2.830,24587259904.0,2195456.0,12067041280.0,30612267008.0,23749.0,14364.0,23.0,0.0,21.0,0.0,8.0,0.0,33755754496.0,27-12 08:38:04,23042.0,2083.0
99.600,0.350,0.0,0.0,0.0,0.050,0.0,0.0,0.0,0.0,1.0,0.0,66.0,3.490,1.410,2.920,24586215424.0,2195456.0,12067041280.0,30613311488.0,16666.0,17922.0,21.0,0.0,20.0,0.0,0.0,0.0,33755754496.0,27-12 08:38:05,22841.0,1486.0
99.700,0.200,0.0,0.0,0.0,0.100,0.0,8192.0,0.0,0.0,0.0,0.0,106.0,3.490,1.410,2.920,24586309632.0,2195456.0,12067045376.0,30613213184.0,22422.0,16212.0,20.0,0.0,14.0,0.0,2.0,0.0,33755754496.0,27-12 08:38:06,22896.0,1655.0
99.600,0.300,0.100,0.0,0.0,0.0,0.0,24576.0,0.0,0.0,1.0,0.0,121.0,3.490,1.410,2.920,24586027008.0,2195456.0,12067045376.0,30613495808.0,36509.0,18612.0,23.0,0.0,21.0,0.0,7.0,0.0,33755754496.0,27-12 08:38:07,23028.0,1913.0
99.700,0.250,0.0,0.0,0.0,0.050,0.0,16384.0,0.0,0.0,0.0,0.0,62.0,3.490,1.410,2.920,24588525568.0,2195456.0,12067045376.0,30610997248.0,12627.0,11216.0,21.0,0.0,20.0,0.0,2.0,0.0,33755754496.0,27-12 08:38:08,22822.0,1806.0
99.700,0.250,0.0,0.0,0.0,0.050,0.0,8192.0,0.0,0.0,1.0,0.0,97.0,3.490,1.410,2.920,24586563584.0,2195456.0,12067045376.0,30612959232.0,153269.0,15900.0,20.0,0.0,13.0,0.0,2.0,0.0,33755754496.0,27-12 08:38:09,22996.0,1783.0
99.600,0.350,0.0,0.0,0.0,0.050,0.0,151552.0,0.0,0.0,0.0,0.0,137.0,4.820,1.720,3.010,24591212544.0,2195456.0,12067045376.0,30608310272.0,31019.0,15945.0,25.0,0.0,38.0,0.0,21.0,0.0,33755754496.0,27-12 08:38:10,23536.0,3149.0
99.500,0.450,0.0,0.0,0.0,0.050,0.0,42496.0,0.0,0.0,1.0,0.0,81.0,4.820,1.720,3.010,24587182080.0,2195456.0,12067049472.0,30612336640.0,19242.0,14873.0,21.0,0.0,57.0,0.0,10.0,0.0,33755754496.0,27-12 08:38:11,23463.0,3788.0
99.700,0.250,0.0,0.0,0.0,0.050,0.0,7560704.0,0.0,0.0,0.0,0.0,238.0,4.820,1.720,3.010,24586735616.0,2195456.0,12067049472.0,30612783104.0,37977.0,16552.0,21.0,0.0,13.0,0.0,183.0,0.0,33755754496.0,27-12 08:38:12,23818.0,2852.0
99.750,0.200,0.0,0.0,0.0,0.050,0.0,22016.0,0.0,0.0,1.0,0.0,150.0,4.820,1.720,3.010,24586911744.0,2195456.0,12067053568.0,30612602880.0,32452.0,13395.0,21.0,0.0,19.0,0.0,6.0,0.0,33755754496.0,27-12 08:38:13,22964.0,1796.0
99.700,0.250,0.0,0.0,0.0,0.050,4096.0,8192.0,0.0,0.0,0.0,0.0,133.0,4.820,1.720,3.010,24586686464.0,2195456.0,12067053568.0,30612828160.0,147914.0,14317.0,21.0,0.0,20.0,1.0,2.0,0.0,33755754496.0,27-12 08:38:14,23018.0,1811.0
99.700,0.250,0.0,0.0,0.0,0.050,0.0,12288.0,0.0,0.0,1.0,0.0,78.0,6.030,2.030,3.110,24586145792.0,2195456.0,12067061760.0,30613360640.0,19589.0,15936.0,20.0,0.0,13.0,0.0,4.0,0.0,33755754496.0,27-12 08:38:15,22970.0,1851.0
99.750,0.200,0.0,0.0,0.0,0.050,0.0,8192.0,0.0,0.0,0.0,0.0,115.0,6.030,2.030,3.110,24586280960.0,2195456.0,12067065856.0,30613221376.0,28978.0,16059.0,21.0,0.0,21.0,0.0,2.0,0.0,33755754496.0,27-12 08:38:16,22981.0,1815.0
99.700,0.200,0.0,0.0,0.0,0.100,0.0,1785856.0,0.0,0.0,1.0,0.0,68.0,6.030,2.030,3.110,24587227136.0,2195456.0,12067065856.0,30612275200.0,22270.0,17081.0,23.0,1.0,21.0,0.0,423.0,0.0,33755754496.0,27-12 08:38:17,23402.0,1768.0
99.650,0.200,0.0,0.0,0.0,0.150,0.0,2310144.0,0.0,0.0,0.0,0.0,65.0,6.030,2.030,3.110,24586510336.0,2195456.0,12067069952.0,30612987904.0,14118.0,12899.0,20.0,1.0,13.0,0.0,547.0,0.0,33755754496.0,27-12 08:38:18,23408.0,1968.0
99.800,0.150,0.0,0.0,0.0,0.050,0.0,8192.0,0.0,0.0,1.0,0.0,105.0,6.030,2.030,3.110,24585965568.0,2195456.0,12067069952.0,30613532672.0,19418.0,14186.0,20.0,0.0,20.0,0.0,3.0,0.0,33755754496.0,27-12 08:38:19,22942.0,1853.0
99.750,0.200,0.0,0.0,0.0,0.050,0.0,1447424.0,0.0,0.0,0.0,0.0,115.0,7.150,2.320,3.200,24585342976.0,2195456.0,12067069952.0,30614155264.0,29336.0,16010.0,22.0,0.0,21.0,0.0,76.0,0.0,33755754496.0,27-12 08:38:20,23005.0,1809.0
99.750,0.250,0.0,0.0,0.0,0.0,0.0,8192.0,0.0,0.0,1.0,0.0,98.0,7.150,2.320,3.200,24585261056.0,2195456.0,12067069952.0,30614237184.0,23440.0,14505.0,20.0,0.0,16.0,0.0,2.0,0.0,33755754496.0,27-12 08:38:21,22951.0,1686.0
99.650,0.250,0.0,0.0,0.0,0.100,0.0,12288.0,0.0,0.0,0.0,0.0,271.0,7.150,2.320,3.200,24585519104.0,2195456.0,12067069952.0,30613979136.0,38275.0,16625.0,21.0,0.0,20.0,0.0,4.0,0.0,33755754496.0,27-12 08:38:22,23182.0,1955.0
99.600,0.250,0.0,0.0,0.0,0.150,0.0,7777792.0,0.0,0.0,1.0,0.0,81.0,7.150,2.320,3.200,24586383360.0,2195456.0,12067086336.0,30613098496.0,23640.0,20000.0,22.0,1.0,21.0,0.0,318.0,0.0,33755754496.0,27-12 08:38:23,23859.0,3067.0
99.450,0.500,0.0,0.0,0.0,0.050,0.0,879616.0,0.0,0.0,0.0,0.0,74.0,7.150,2.320,3.200,24586600448.0,2195456.0,12067086336.0,30612881408.0,20012.0,14877.0,23.0,0.0,49.0,0.0,206.0,0.0,33755754496.0,27-12 08:38:24,24021.0,3950.0
99.550,0.400,0.0,0.0,0.0,0.050,8192.0,38912.0,0.0,0.0,1.0,0.0,82.0,8.180,2.620,3.290,24586244096.0,2195456.0,12067082240.0,30613241856.0,150053.0,20485.0,20.0,0.0,43.0,2.0,8.0,0.0,33755754496.0,27-12 08:38:25,23401.0,3332.0
99.750,0.200,0.0,0.0,0.0,0.050,0.0,8192.0,0.0,0.0,0.0,0.0,66.0,8.180,2.620,3.290,24586010624.0,2195456.0,12067082240.0,30613475328.0,4205.0,2742.0,21.0,0.0,19.0,0.0,2.0,0.0,33755754496.0,27-12 08:38:26,22576.0,1445.0
99.850,0.150,0.0,0.0,0.0,0.0,0.0,16384.0,0.0,0.0,1.0,0.0,96.0,8.180,2.620,3.290,24586174464.0,2195456.0,12067082240.0,30613311488.0,22848.0,14362.0,21.0,0.0,16.0,0.0,4.0,0.0,33755754496.0,27-12 08:38:27,23007.0,1712.0
99.750,0.200,0.0,0.0,0.0,0.050,0.0,8192.0,0.0,0.0,0.0,0.0,87.0,8.180,2.620,3.290,24585912320.0,2195456.0,12067082240.0,30613573632.0,13658.0,11084.0,22.0,0.0,18.0,0.0,2.0,0.0,33755754496.0,27-12 08:38:28,22880.0,1695.0
99.350,0.500,0.0,0.0,0.0,0.150,0.0,10772480.0,0.0,0.0,1.0,0.0,160.0,8.180,2.620,3.290,24586113024.0,2195456.0,12067086336.0,30613368832.0,149956.0,16618.0,20.0,0.0,18.0,0.0,552.0,0.0,33755754496.0,27-12 08:38:29,23651.0,2070.0
99.700,0.250,0.0,0.0,0.0,0.050,0.0,12288.0,0.0,0.0,0.0,0.0,99.0,9.130,2.910,3.380,24585179136.0,2195456.0,12067086336.0,30614302720.0,22476.0,17724.0,20.0,0.0,19.0,0.0,2.0,0.0,33755754496.0,27-12 08:38:30,23122.0,1950.0
99.650,0.300,0.0,0.0,0.0,0.050,0.0,12288.0,0.0,0.0,1.0,0.0,103.0,9.130,2.910,3.380,24585945088.0,2195456.0,12067086336.0,30613536768.0,22462.0,18134.0,20.0,0.0,19.0,0.0,4.0,0.0,33755754496.0,27-12 08:38:31,23071.0,2206.0
99.750,0.200,0.0,0.0,0.0,0.050,0.0,12288.0,0.0,0.0,0.0,0.0,230.0,9.130,2.910,3.380,24586158080.0,2195456.0,12067086336.0,30613323776.0,37279.0,15130.0,21.0,0.0,18.0,0.0,2.0,0.0,33755754496.0,27-12 08:38:32,23162.0,1809.0
99.600,0.300,0.0,0.0,0.0,0.100,0.0,7640064.0,0.0,0.0,1.0,0.0,116.0,9.130,2.910,3.380,24586608640.0,2195456.0,12067086336.0,30612873216.0,24258.0,12454.0,20.0,0.0,15.0,0.0,184.0,0.0,33755754496.0,27-12 08:38:33,23558.0,2732.0
99.600,0.350,0.0,0.0,0.0,0.050,0.0,24576.0,0.0,0.0,0.0,0.0,75.0,9.130,2.910,3.380,24586608640.0,2195456.0,12067086336.0,30612873216.0,14788.0,13303.0,20.0,0.0,22.0,0.0,6.0,0.0,33755754496.0,27-12 08:38:34,22936.0,1854.0
99.750,0.200,0.0,0.0,0.0,0.050,0.0,4096.0,0.0,0.0,1.0,0.0,70.0,10.0,3.190,3.470,24586293248.0,2195456.0,12067086336.0,30613188608.0,17749.0,16476.0,20.0,0.0,18.0,0.0,2.0,0.0,33755754496.0,27-12 08:38:35,22996.0,1685.0
99.750,0.200,0.0,0.0,0.0,0.050,0.0,28672.0,0.0,0.0,0.0,0.0,91.0,10.0,3.190,3.470,24586010624.0,2195456.0,12067086336.0,30613471232.0,47320.0,15065.0,20.0,0.0,17.0,0.0,8.0,0.0,33755754496.0,27-12 08:38:36,23018.0,1924.0
99.700,0.200,0.0,0.0,0.0,0.100,0.0,24576.0,0.0,0.0,1.0,0.0,74.0,10.0,3.190,3.470,24586203136.0,2195456.0,12067086336.0,30613278720.0,18363.0,15257.0,21.0,0.0,19.0,0.0,8.0,0.0,33755754496.0,27-12 08:38:37,23010.0,1959.0
99.850,0.150,0.0,0.0,0.0,0.0,0.0,20480.0,0.0,0.0,0.0,0.0,68.0,10.0,3.190,3.470,24586383360.0,2195456.0,12067086336.0,30613098496.0,11313.0,10234.0,20.0,0.0,17.0,0.0,8.0,0.0,33755754496.0,27-12 08:38:38,22824.0,1715.0
99.650,0.300,0.0,0.0,0.0,0.050,0.0,28672.0,0.0,0.0,1.0,0.0,93.0,10.0,3.190,3.470,24586510336.0,2195456.0,12067090432.0,30612967424.0,154186.0,15541.0,20.0,0.0,16.0,0.0,9.0,0.0,33755754496.0,27-12 08:38:39,23050.0,1905.0
99.650,0.250,0.0,0.0,0.0,0.100,0.0,137216.0,0.0,0.0,0.0,0.0,117.0,10.880,3.490,3.560,24586149888.0,2195456.0,12067094528.0,30613323776.0,38136.0,30404.0,20.0,0.0,19.0,0.0,20.0,0.0,33755754496.0,27-12 08:38:40,23507.0,2285.0
99.500,0.450,0.0,0.0,0.0,0.050,0.0,32256.0,0.0,0.0,1.0,0.0,66.0,10.880,3.490,3.560,24586444800.0,2195456.0,12067098624.0,30613024768.0,18020.0,17513.0,23.0,0.0,71.0,0.0,8.0,0.0,33755754496.0,27-12 08:38:41,24031.0,4782.0
99.750,0.200,0.0,0.0,0.0,0.050,0.0,12288.0,0.0,0.0,0.0,0.0,277.0,10.880,3.490,3.560,24585973760.0,2195456.0,12067098624.0,30613495808.0,41233.0,7518.0,21.0,0.0,16.0,0.0,2.0,0.0,33755754496.0,27-12 08:38:42,23050.0,2034.0
99.650,0.300,0.0,0.0,0.0,0.050,0.0,4459520.0,0.0,0.0,1.0,0.0,93.0,10.880,3.490,3.560,24585900032.0,2195456.0,12067098624.0,30613569536.0,12465.0,7347.0,20.0,0.0,18.0,0.0,83.0,0.0,33755754496.0,27-12 08:38:43,22952.0,2103.0
99.550,0.350,0.0,0.0,0.0,0.100,0.0,5529600.0,0.0,0.0,0.0,0.0,125.0,10.880,3.490,3.560,24586858496.0,2195456.0,12067098624.0,30612611072.0,25518.0,12426.0,20.0,2.0,18.0,0.0,660.0,0.0,33755754496.0,27-12 08:38:44,23807.0,2403.0
99.600,0.250,0.0,0.0,0.0,0.150,0.0,2711552.0,0.0,0.0,1.0,0.0,85.0,11.690,3.780,3.650,24586944512.0,2195456.0,12067098624.0,30612525056.0,141604.0,20856.0,20.0,1.0,16.0,0.0,653.0,0.0,33755754496.0,27-12 08:38:45,23773.0,2082.0
99.700,0.200,0.0,0.0,0.0,0.100,0.0,1302528.0,0.0,0.0,0.0,0.0,133.0,11.690,3.780,3.650,24586170368.0,2195456.0,12067254272.0,30613143552.0,25190.0,12778.0,20.0,2.0,19.0,0.0,287.0,0.0,33755754496.0,27-12 08:38:46,23280.0,1773.0
99.650,0.200,0.0,0.0,0.0,0.150,0.0,2547712.0,0.0,0.0,1.0,0.0,114.0,11.690,3.780,3.650,24585109504.0,2195456.0,12067258368.0,30614200320.0,27651.0,16195.0,21.0,1.0,18.0,0.0,597.0,0.0,33755754496.0,27-12 08:38:47,23605.0,1918.0
99.850,0.100,0.0,0.0,0.0,0.050,0.0,49152.0,0.0,0.0,0.0,0.0,66.0,11.690,3.780,3.650,24585007104.0,2195456.0,12067262464.0,30614298624.0,11706.0,10202.0,20.0,0.0,15.0,0.0,14.0,0.0,33755754496.0,27-12 08:38:48,22851.0,1683.0
99.750,0.200,0.0,0.0,0.0,0.050,0.0,20480.0,0.0,0.0,1.0,0.0,121.0,11.690,3.780,3.650,24585031680.0,2195456.0,12067266560.0,30614269952.0,21680.0,12705.0,20.0,0.0,19.0,0.0,5.0,0.0,33755754496.0,27-12 08:38:49,22959.0,1825.0
53.977,45.973,0.0,0.0,0.0,0.050,0.0,1294848.0,0.0,0.0,0.0,0.0,126.0,12.430,4.060,3.750,24572993536.0,2195456.0,12067270656.0,30626304000.0,30125.0,16688.0,20.0,0.0,19.0,0.0,69.0,0.0,33755754496.0,27-12 08:38:50,24025.0,2304.0
99.750,0.200,0.0,0.0,0.0,0.050,0.0,12288.0,0.0,0.0,1.0,0.0,81.0,12.430,4.060,3.750,24575795200.0,2195456.0,12067278848.0,30623494144.0,18276.0,14547.0,20.0,0.0,16.0,0.0,4.0,0.0,33755754496.0,27-12 08:38:51,23000.0,1850.0
99.700,0.250,0.0,0.0,0.0,0.050,0.0,606208.0,0.0,0.0,0.0,0.0,314.0,12.430,4.060,3.750,24577015808.0,2195456.0,12067287040.0,30622265344.0,57079.0,15834.0,21.0,2.0,19.0,0.0,145.0,0.0,33755754496.0,27-12 08:38:52,23367.0,2001.0
99.650,0.250,0.0,0.0,0.0,0.100,0.0,8112128.0,0.0,0.0,1.0,0.0,102.0,12.430,4.060,3.750,24575840256.0,2195456.0,12067307520.0,30623420416.0,19590.0,12088.0,21.0,0.0,17.0,0.0,337.0,0.0,33755754496.0,27-12 08:38:53,23596.0,2646.0
99.750,0.200,0.0,0.0,0.0,0.050,0.0,16384.0,0.0,0.0,0.0,0.0,96.0,12.430,4.060,3.750,24575942656.0,2195456.0,12067315712.0,30623309824.0,21243.0,13470.0,20.0,0.0,16.0,0.0,4.0,0.0,33755754496.0,27-12 08:38:54,22935.0,1889.0
99.300,0.650,0.0,0.0,0.0,0.050,0.0,32768.0,0.0,0.0,1.0,0.0,72.0,13.360,4.390,3.860,24587300864.0,2195456.0,12067319808.0,30611947520.0,165351.0,30297.0,25.0,0.0,67.0,0.0,10.0,0.0,33755754496.0,27-12 08:38:55,24286.0,5060.0
99.550,0.250,0.150,0.0,0.0,0.050,0.0,58880.0,0.0,0.0,0.0,0.0,81.0,13.360,4.390,3.860,24581636096.0,2195456.0,12067323904.0,30617608192.0,20596.0,14999.0,21.0,0.0,32.0,0.0,14.0,0.0,33755754496.0,27-12 08:38:56,23241.0,2770.0
99.750,0.150,0.0,0.0,0.0,0.100,0.0,12288.0,0.0,0.0,1.0,0.0,69.0,13.360,4.390,3.860,24581767168.0,2195456.0,12067323904.0,30617477120.0,13312.0,11801.0,21.0,0.0,17.0,0.0,4.0,0.0,33755754496.0,27-12 08:38:57,22916.0,1740.0
99.700,0.250,0.0,0.0,0.0,0.050,0.0,16384.0,0.0,0.0,0.0,0.0,70.0,13.360,4.390,3.860,24581894144.0,2195456.0,12067328000.0,30617346048.0,12920.0,11942.0,20.0,0.0,19.0,0.0,6.0,0.0,33755754496.0,27-12 08:38:58,22954.0,1855.0
99.750,0.200,0.0,0.0,0.0,0.050,0.0,8192.0,0.0,0.0,1.0,0.0,266.0,13.360,4.390,3.860,24582316032.0,2195456.0,12067328000.0,30616924160.0,45821.0,36068.0,21.0,0.0,77.0,0.0,2.0,0.0,33755754496.0,27-12 08:38:59,23420.0,2378.0
99.750,0.250,0.0,0.0,0.0,0.0,0.0,12288.0,0.0,0.0,0.0,0.0,90.0,13.970,4.670,3.950,24582094848.0,2195456.0,12067332096.0,30617141248.0,142645.0,16653.0,20.0,0.0,17.0,0.0,4.0,0.0,33755754496.0,27-12 08:39:00,23029.0,1722.0
99.800,0.150,0.0,0.0,0.0,0.050,0.0,16384.0,0.0,0.0,1.0,0.0,70.0,13.970,4.670,3.950,24582225920.0,2195456.0,12067332096.0,30617010176.0,17481.0,16011.0,20.0,1.0,20.0,0.0,3.0,0.0,33755754496.0,27-12 08:39:01,23004.0,1827.0
99.750,0.200,0.0,0.0,0.0,0.050,0.0,4202496.0,0.0,0.0,0.0,0.0,290.0,13.970,4.670,3.950,24581996544.0,2195456.0,12067336192.0,30617235456.0,37673.0,6871.0,25.0,0.0,20.0,0.0,99.0,0.0,33755754496.0,27-12 08:39:02,23371.0,2162.0
99.600,0.300,0.0,0.0,0.0,0.100,0.0,5427200.0,0.0,0.0,1.0,0.0,189.0,13.970,4.670,3.950,24581890048.0,2195456.0,12067336192.0,30617341952.0,20990.0,10691.0,20.0,1.0,15.0,0.0,543.0,0.0,33755754496.0,27-12 08:39:03,23772.0,2583.0
99.700,0.250,0.0,0.0,0.0,0.050,0.0,188416.0,0.0,0.0,0.0,0.0,89.0,13.970,4.670,3.950,24581300224.0,2195456.0,12067340288.0,30617927680.0,20860.0,11911.0,20.0,0.0,20.0,0.0,23.0,0.0,33755754496.0,27-12 08:39:04,22967.0,1772.0
99.650,0.300,0.0,0.0,0.0,0.050,0.0,12288.0,0.0,0.0,1.0,0.0,64.0,14.450,4.920,4.040,24581079040.0,2195456.0,12067340288.0,30618148864.0,15402.0,16850.0,21.0,0.0,19.0,0.0,4.0,0.0,33755754496.0,27-12 08:39:05,22970.0,1716.0
99.750,0.250,0.0,0.0,0.0,0.0,12288.0,8192.0,0.0,0.0,0.0,0.0,133.0,14.450,4.920,4.040,24581124096.0,2195456.0,12067344384.0,30618099712.0,25852.0,14490.0,20.0,0.0,17.0,3.0,2.0,0.0,33755754496.0,27-12 08:39:06,23051.0,1802.0
99.750,0.150,0.0,0.0,0.0,0.100,0.0,12288.0,0.0,0.0,1.0,0.0,154.0,14.450,4.920,4.040,24581120000.0,2195456.0,12067356672.0,30618091520.0,38467.0,18251.0,21.0,0.0,19.0,0.0,2.0,0.0,33755754496.0,27-12 08:39:07,23174.0,1972.0
99.650,0.300,0.0,0.0,0.0,0.050,0.0,32768.0,0.0,0.0,0.0,0.0,83.0,14.450,4.920,4.040,24582524928.0,2195456.0,12067360768.0,30616682496.0,14692.0,12908.0,20.0,0.0,18.0,0.0,9.0,0.0,33755754496.0,27-12 08:39:08,22961.0,1932.0
99.750,0.250,0.0,0.0,0.0,0.0,0.0,16384.0,0.0,0.0,1.0,0.0,156.0,14.450,4.920,4.040,24581005312.0,2195456.0,12067360768.0,30618202112.0,162423.0,15407.0,20.0,0.0,17.0,0.0,6.0,0.0,33755754496.0,27-12 08:39:09,23154.0,2050.0
99.750,0.200,0.0,0.0,0.0,0.050,0.0,154624.0,0.0,0.0,0.0,0.0,150.0,14.900,5.170,4.120,24581074944.0,2195456.0,12067364864.0,30618128384.0,36085.0,14292.0,20.0,0.0,19.0,0.0,18.0,0.0,33755754496.0,27-12 08:39:10,23100.0,1817.0
99.500,0.450,0.0,0.0,0.0,0.050,0.0,8192.0,0.0,0.0,1.0,0.0,72.0,14.900,5.170,4.120,24582619136.0,2195456.0,12067368960.0,30616580096.0,17145.0,16094.0,23.0,0.0,56.0,0.0,2.0,0.0,33755754496.0,27-12 08:39:11,24043.0,4165.0
99.600,0.350,0.0,0.0,0.0,0.050,0.0,50176.0,0.0,0.0,0.0,0.0,238.0,14.900,5.170,4.120,24581615616.0,2195456.0,12067368960.0,30617583616.0,38798.0,16752.0,21.0,0.0,34.0,0.0,10.0,0.0,33755754496.0,27-12 08:39:12,23571.0,3276.0
99.550,0.350,0.0,0.0,0.0,0.100,0.0,8742400.0,0.0,0.0,1.0,0.0,129.0,14.900,5.170,4.120,24581861376.0,2195456.0,12067373056.0,30617333760.0,22074.0,14583.0,20.0,0.0,18.0,0.0,495.0,0.0,33755754496.0,27-12 08:39:13,23788.0,2837.0
99.750,0.200,0.0,0.0,0.0,0.050,0.0,8192.0,0.0,0.0,0.0,0.0,130.0,14.900,5.170,4.120,24581632000.0,2195456.0,12067377152.0,30617559040.0,26764.0,12653.0,20.0,0.0,17.0,0.0,2.0,0.0,33755754496.0,27-12 08:39:14,23024.0,1903.0
99.750,0.200,0.0,0.0,0.0,0.050,0.0,8192.0,0.0,0.0,1.0,0.0,84.0,15.310,5.420,4.210,24580837376.0,2195456.0,12067381248.0,30618349568.0,20963.0,16572.0,21.0,0.0,17.0,0.0,2.0,0.0,33755754496.0,27-12 08:39:15,23017.0,1824.0
99.650,0.300,0.0,0.0,0.0,0.050,4096.0,16384.0,0.0,0.0,0.0,0.0,103.0,15.310,5.420,4.210,24580968448.0,2195456.0,12067393536.0,30618206208.0,147111.0,19890.0,20.0,0.0,20.0,1.0,4.0,0.0,33755754496.0,27-12 08:39:16,23102.0,1914.0
99.800,0.150,0.0,0.0,0.0,0.050,0.0,12288.0,0.0,0.0,1.0,0.0,116.0,15.310,5.420,4.210,24581201920.0,2195456.0,12067393536.0,30617972736.0,28762.0,18566.0,21.0,0.0,18.0,0.0,2.0,0.0,33755754496.0,27-12 08:39:17,23101.0,1868.0
99.750,0.200,0.0,0.0,0.0,0.050,0.0,90112.0,0.0,0.0,0.0,0.0,73.0,15.310,5.420,4.210,24581230592.0,2195456.0,12067401728.0,30617935872.0,15979.0,15891.0,20.0,0.0,17.0,0.0,3.0,0.0,33755754496.0,27-12 08:39:18,22961.0,1764.0
99.700,0.250,0.0,0.0,0.0,0.050,0.0,16384.0,0.0,0.0,1.0,0.0,92.0,15.310,5.420,4.210,24580993024.0,2195456.0,12067401728.0,30618173440.0,21193.0,15132.0,20.0,0.0,20.0,0.0,4.0,0.0,33755754496.0,27-12 08:39:19,22995.0,1908.0
99.750,0.150,0.0,0.0,0.0,0.100,0.0,1256448.0,0.0,0.0,0.0,0.0,129.0,15.680,5.660,4.290,24581115904.0,2195456.0,12067409920.0,30618042368.0,32176.0,15983.0,20.0,0.0,18.0,0.0,60.0,0.0,33755754496.0,27-12 08:39:20,23121.0,1872.0
99.750,0.200,0.0,0.0,0.0,0.050,0.0,8192.0,0.0,0.0,1.0,0.0,108.0,15.680,5.660,4.290,24581038080.0,2195456.0,12067409920.0,30618120192.0,25421.0,17012.0,20.0,0.0,18.0,0.0,2.0,0.0,33755754496.0,27-12 08:39:21,23110.0,1847.0
99.700,0.250,0.0,0.0,0.0,0.050,0.0,20480.0,0.0,0.0,0.0,0.0,261.0,15.680,5.660,4.290,24581206016.0,2195456.0,12067418112.0,30617944064.0,42591.0,17104.0,21.0,0.0,21.0,0.0,4.0,0.0,33755754496.0,27-12 08:39:22,23292.0,1983.0
99.700,0.250,0.0,0.0,0.0,0.050,0.0,7400960.0,0.0,0.0,1.0,0.0,95.0,15.680,5.660,4.290,24581115904.0,2195456.0,12067422208.0,30618030080.0,16179.0,11899.0,20.0,0.0,17.0,0.0,188.0,0.0,33755754496.0,27-12 08:39:23,23495.0,2569.0
99.600,0.300,0.0,0.0,0.0,0.100,4096.0,23552.0,0.0,0.0,0.0,0.0,83.0,15.680,5.660,4.290,24581292032.0,2195456.0,12067430400.0,30617845760.0,151337.0,14406.0,20.0,0.0,18.0,1.0,9.0,0.0,33755754496.0,27-12 08:39:24,23000.0,1813.0
99.700,0.250,0.0,0.0,0.0,0.050,0.0,8192.0,0.0,0.0,1.0,0.0,68.0,16.030,5.900,4.380,24580698112.0,2195456.0,12067450880.0,30618419200.0,15479.0,20603.0,21.0,0.0,20.0,0.0,2.0,0.0,33755754496.0,27-12 08:39:25,22927.0,1616.0
99.450,0.500,0.0,0.0,0.0,0.050,0.0,38912.0,0.0,0.0,0.0,0.0,88.0,16.030,5.900,4.380,24582062080.0,2195456.0,12067467264.0,30617038848.0,18315.0,13419.0,20.0,0.0,76.0,0.0,8.0,0.0,33755754496.0,27-12 08:39:26,24087.0,5113.0
99.750,0.200,0.0,0.0,0.0,0.050,0.0,16384.0,0.0,0.0,1.0,0.0,126.0,16.030,5.900,4.380,24582164480.0,2195456.0,12067467264.0,30616936448.0,27925.0,16811.0,22.0,0.0,18.0,0.0,2.0,0.0,33755754496.0,27-12 08:39:27,23115.0,1804.0
99.750,0.150,0.0,0.0,0.0,0.100,0.0,888832.0,0.0,0.0,0.0,0.0,66.0,16.030,5.900,4.380,24582881280.0,2195456.0,12067475456.0,30616211456.0,12409.0,11203.0,20.0,1.0,19.0,0.0,201.0,0.0,33755754496.0,27-12 08:39:28,23057.0,1734.0
99.500,0.350,0.0,0.0,0.0,0.150,0.0,2871296.0,0.0,0.0,1.0,0.0,151.0,16.030,5.900,4.380,24582803456.0,2195456.0,12067475456.0,30616289280.0,28662.0,13160.0,20.0,1.0,17.0,0.0,683.0,0.0,33755754496.0,27-12 08:39:29,23584.0,1906.0
99.600,0.250,0.0,0.0,0.0,0.150,0.0,2191360.0,0.0,0.0,0.0,0.0,84.0,16.590,6.180,4.480,24582971392.0,2195456.0,12067483648.0,30616113152.0,143786.0,19752.0,21.0,1.0,20.0,0.0,524.0,0.0,33755754496.0,27-12 08:39:30,23622.0,2068.0
99.450,0.350,0.0,0.0,0.0,0.200,0.0,2179072.0,0.0,0.0,1.0,0.0,90.0,16.590,6.180,4.480,24584167424.0,2195456.0,12067504128.0,30614896640.0,20221.0,15050.0,21.0,2.0,19.0,0.0,520.0,0.0,33755754496.0,27-12 08:39:31,23563.0,2163.0
99.600,0.250,0.0,0.0,0.0,0.150,0.0,2985984.0,0.0,0.0,0.0,0.0,225.0,16.590,6.180,4.480,24582967296.0,2195456.0,12067491840.0,30616109056.0,36459.0,15434.0,21.0,1.0,17.0,0.0,700.0,0.0,33755754496.0,27-12 08:39:32,23811.0,1974.0
99.600,0.350,0.0,0.0,0.0,0.050,0.0,7581696.0,0.0,0.0,1.0,0.0,121.0,16.590,6.180,4.480,24582893568.0,2195456.0,12067491840.0,30616182784.0,20922.0,10187.0,21.0,0.0,16.0,0.0,170.0,0.0,33755754496.0,27-12 08:39:33,23383.0,2683.0
99.700,0.250,0.0,0.0,0.0,0.050,0.0,81920.0,0.0,0.0,0.0,0.0,82.0,16.590,6.180,4.480,24583180288.0,2195456.0,12067495936.0,30615891968.0,16836.0,11894.0,21.0,0.0,22.0,0.0,5.0,0.0,33755754496.0,27-12 08:39:34,22844.0,1782.0
99.800,0.200,0.0,0.0,0.0,0.0,0.0,8192.0,0.0,0.0,1.0,0.0,77.0,16.860,6.410,4.560,24581730304.0,2195456.0,12067500032.0,30617337856.0,18195.0,16157.0,20.0,0.0,17.0,0.0,2.0,0.0,33755754496.0,27-12 08:39:35,22979.0,1738.0
99.700,0.200,0.0,0.0,0.0,0.100,0.0,12288.0,0.0,0.0,0.0,0.0,89.0,16.860,6.410,4.560,24582414336.0,2195456.0,12067500032.0,30616653824.0,18224.0,13721.0,21.0,0.0,18.0,0.0,4.0,0.0,33755754496.0,27-12 08:39:36,22921.0,1802.0
99.600,0.300,0.0,0.0,0.0,0.100,0.0,1302528.0,0.0,0.0,1.0,0.0,76.0,16.860,6.410,4.560,24582221824.0,2195456.0,12067508224.0,30616838144.0,20724.0,13486.0,22.0,1.0,19.0,0.0,310.0,0.0,33755754496.0,27-12 08:39:37,23247.0,1786.0
99.850,0.150,0.0,0.0,0.0,0.0,0.0,12288.0,0.0,0.0,0.0,0.0,64.0,16.860,6.410,4.560,24582299648.0,2195456.0,12067508224.0,30616760320.0,10367.0,9590.0,20.0,0.0,16.0,0.0,5.0,0.0,33755754496.0,27-12 08:39:38,22804.0,1745.0
99.700,0.250,0.0,0.0,0.0,0.050,0.0,12288.0,0.0,0.0,1.0,0.0,75.0,16.860,6.410,4.560,24582447104.0,2195456.0,12067516416.0,30616604672.0,152324.0,14988.0,21.0,0.0,17.0,0.0,4.0,0.0,33755754496.0,27-12 08:39:39,22969.0,1785.0
99.650,0.300,0.0,0.0,0.0,0.050,0.0,146432.0,0.0,0.0,0.0,0.0,77.0,17.110,6.640,4.640,24582062080.0,2195456.0,12067520512.0,30616985600.0,15957.0,13849.0,21.0,0.0,21.0,0.0,20.0,0.0,33755754496.0,27-12 08:39:40,23069.0,1980.0
99.850,0.150,0.0,0.0,0.0,0.0,0.0,8192.0,0.0,0.0,1.0,0.0,76.0,17.110,6.640,4.640,24581627904.0,2195456.0,12067524608.0,30617415680.0,44496.0,14806.0,20.0,0.0,17.0,0.0,2.0,0.0,33755754496.0,27-12 08:39:41,22976.0,1755.0
99.400,0.550,0.0,0.0,0.0,0.050,0.0,44544.0,0.0,0.0,0.0,0.0,286.0,17.110,6.640,4.640,24582053888.0,2195456.0,12067528704.0,30616985600.0,49264.0,16575.0,22.0,0.0,71.0,0.0,10.0,0.0,33755754496.0,27-12 08:39:42,24583.0,5262.0
99.650,0.250,0.0,0.0,0.0,0.100,0.0,7477248.0,0.0,0.0,1.0,0.0,154.0,17.110,6.640,4.640,24582193152.0,2195456.0,12067528704.0,30616846336.0,29330.0,10630.0,20.0,1.0,17.0,0.0,123.0,0.0,33755754496.0,27-12 08:39:43,23329.0,2538.0
54.227,45.773,0.0,0.0,0.0,0.0,0.0,4096.0,0.0,0.0,0.0,0.0,129.0,17.110,6.640,4.640,24573554688.0,2195456.0,12067577856.0,30625435648.0,24409.0,11410.0,20.0,0.0,18.0,0.0,3.0,0.0,33755754496.0,27-12 08:39:44,23826.0,2081.0
99.750,0.200,0.0,0.0,0.0,0.050,0.0,12288.0,0.0,0.0,1.0,0.0,78.0,17.420,6.880,4.730,24573747200.0,2195456.0,12067581952.0,30625239040.0,17729.0,17433.0,20.0,0.0,16.0,0.0,4.0,0.0,33755754496.0,27-12 08:39:45,22955.0,1656.0
99.700,0.250,0.0,0.0,0.0,0.050,0.0,12288.0,0.0,0.0,0.0,0.0,115.0,17.420,6.880,4.730,24573984768.0,2195456.0,12067586048.0,30624997376.0,145683.0,14942.0,20.0,0.0,19.0,0.0,4.0,0.0,33755754496.0,27-12 08:39:46,23037.0,1891.0
99.750,0.200,0.0,0.0,0.0,0.050,0.0,1671168.0,0.0,0.0,1.0,0.0,96.0,17.420,6.880,4.730,24573825024.0,2195456.0,12067594240.0,30625148928.0,21574.0,15845.0,21.0,0.0,18.0,0.0,399.0,0.0,33755754496.0,27-12 08:39:47,23337.0,1727.0
99.750,0.200,0.0,0.0,0.0,0.050,0.0,294912.0,0.0,0.0,0.0,0.0,75.0,17.420,6.880,4.730,24573485056.0,2195456.0,12067598336.0,30625484800.0,12141.0,10004.0,20.0,0.0,15.0,0.0,68.0,0.0,33755754496.0,27-12 08:39:48,22879.0,1671.0
99.700,0.200,0.0,0.0,0.0,0.100,0.0,20480.0,0.0,0.0,1.0,0.0,120.0,17.420,6.880,4.730,24573542400.0,2195456.0,12067602432.0,30625423360.0,22253.0,12876.0,20.0,0.0,19.0,0.0,4.0,0.0,33755754496.0,27-12 08:39:49,22931.0,1651.0
99.800,0.150,0.0,0.0,0.0,0.050,0.0,1241600.0,0.0,0.0,0.0,0.0,107.0,17.790,7.130,4.820,24573329408.0,2195456.0,12067606528.0,30625632256.0,27239.0,15899.0,20.0,0.0,18.0,0.0,63.0,0.0,33755754496.0,27-12 08:39:50,23048.0,1797.0
99.800,0.150,0.0,0.0,0.0,0.050,0.0,16384.0,0.0,0.0,1.0,0.0,87.0,17.790,7.130,4.820,24573501440.0,2195456.0,12067610624.0,30625456128.0,18459.0,13576.0,20.0,0.0,16.0,0.0,4.0,0.0,33755754496.0,27-12 08:39:51,22985.0,1821.0
99.700,0.250,0.0,0.0,0.0,0.050,0.0,86016.0,0.0,0.0,0.0,0.0,327.0,17.790,7.130,4.820,24573685760.0,2195456.0,12067614720.0,30625267712.0,57035.0,16556.0,21.0,0.0,19.0,0.0,3.0,0.0,33755754496.0,27-12 08:39:52,23278.0,1800.0
99.700,0.250,0.0,0.0,0.0,0.050,0.0,2117632.0,0.0,0.0,1.0,0.0,99.0,17.790,7.130,4.820,24573870080.0,2195456.0,12067618816.0,30625079296.0,153587.0,15525.0,20.0,1.0,17.0,0.0,10.0,0.0,33755754496.0,27-12 08:39:53,22967.0,1805.0
99.600,0.300,0.0,0.0,0.0,0.100,0.0,5376000.0,0.0,0.0,0.0,0.0,87.0,17.790,7.130,4.820,24573898752.0,2195456.0,12067622912.0,30625046528.0,21783.0,13657.0,20.0,0.0,16.0,0.0,127.0,0.0,33755754496.0,27-12 08:39:54,23312.0,2629.0
99.750,0.200,0.0,0.0,0.0,0.050,0.0,16384.0,0.0,0.0,1.0,0.0,76.0,17.970,7.340,4.900,24574345216.0,2195456.0,12067647488.0,30624575488.0,17687.0,16869.0,20.0,0.0,20.0,0.0,4.0,0.0,33755754496.0,27-12 08:39:55,22987.0,1853.0
99.400,0.500,0.100,0.0,0.0,0.0,0.0,43008.0,0.0,0.0,0.0,0.0,72.0,17.970,7.340,4.900,24579039232.0,2195456.0,12067655680.0,30619873280.0,15923.0,13680.0,21.0,0.0,78.0,0.0,10.0,0.0,33755754496.0,27-12 08:39:56,24170.0,5171.0
99.750,0.200,0.0,0.0,0.0,0.050,0.0,729088.0,0.0,0.0,1.0,0.0,68.0,17.970,7.340,4.900,24580018176.0,2195456.0,12067663872.0,30618886144.0,18780.0,15859.0,21.0,1.0,17.0,0.0,177.0,0.0,33755754496.0,27-12 08:39:57,23173.0,1771.0
99.650,0.200,0.0,0.0,0.0,0.150,0.0,1216512.0,0.0,0.0,0.0,0.0,83.0,17.970,7.340,4.900,24579366912.0,2195456.0,12067663872.0,30619537408.0,14847.0,13235.0,20.0,0.0,19.0,0.0,286.0,0.0,33755754496.0,27-12 08:39:58,23202.0,1866.0
99.750,0.200,0.0,0.0,0.0,0.050,0.0,8192.0,0.0,0.0,1.0,0.0,143.0,17.970,7.340,4.900,24579379200.0,2195456.0,12067672064.0,30619516928.0,25871.0,14529.0,21.0,0.0,19.0,0.0,2.0,0.0,33755754496.0,27-12 08:39:59,22965.0,1741.0
99.750,0.250,0.0,0.0,0.0,0.0,0.0,28672.0,0.0,0.0,0.0,0.0,86.0,18.130,7.550,4.990,24579153920.0,2195456.0,12067672064.0,30619742208.0,20586.0,15538.0,20.0,0.0,17.0,0.0,10.0,0.0,33755754496.0,27-12 08:40:00,23004.0,2027.0
99.700,0.200,0.0,0.050,0.0,0.050,12288.0,8192.0,0.0,0.0,1.0,0.0,78.0,18.130,7.550,4.990,24579203072.0,2195456.0,12067692544.0,30619672576.0,138056.0,15127.0,20.0,0.0,20.0,3.0,2.0,0.0,33755754496.0,27-12 08:40:01,22986.0,1684.0
98.950,1.0,0.0,0.0,0.0,0.050,0.0,12288.0,0.0,0.0,0.0,0.0,326.0,18.130,7.550,4.990,24608096256.0,2195456.0,12067696640.0,30590775296.0,50904.0,21435.0,27.0,0.0,66.0,0.0,4.0,0.0,33755754496.0,27-12 08:40:02,23755.0,2711.0
98.800,0.950,0.100,0.0,0.0,0.150,0.0,7466496.0,0.0,0.0,1.0,0.0,249.0,18.130,7.550,4.990,24585474048.0,2195456.0,12067713024.0,30613381120.0,57855.0,52281.0,21.0,0.0,44.0,0.0,133.0,0.0,33755754496.0,27-12 08:40:03,23703.0,4224.0
99.750,0.200,0.0,0.0,0.0,0.050,0.0,8192.0,0.0,0.0,0.0,0.0,97.0,18.130,7.550,4.990,24585592832.0,2195456.0,12067713024.0,30613262336.0,18882.0,11207.0,20.0,0.0,19.0,0.0,2.0,0.0,33755754496.0,27-12 08:40:04,22902.0,1645.0
99.700,0.250,0.0,0.0,0.0,0.050,0.0,77824.0,0.0,0.0,1.0,0.0,64.0,18.280,7.760,5.070,24585465856.0,2195456.0,12067717120.0,30613385216.0,15450.0,17725.0,20.0,0.0,18.0,0.0,5.0,0.0,33755754496.0,27-12 08:40:05,22930.0,1654.0
99.800,0.150,0.0,0.0,0.0,0.050,0.0,8192.0,0.0,0.0,0.0,0.0,93.0,18.280,7.760,5.070,24584966144.0,2195456.0,12067717120.0,30613884928.0,20392.0,13903.0,20.0,0.0,18.0,0.0,2.0,0.0,33755754496.0,27-12 08:40:06,22960.0,1667.0
99.750,0.200,0.0,0.0,0.0,0.050,4096.0,8192.0,0.0,0.0,1.0,0.0,129.0,18.280,7.760,5.070,24585195520.0,2195456.0,12067725312.0,30613647360.0,32419.0,18222.0,20.0,0.0,19.0,1.0,2.0,0.0,33755754496.0,27-12 08:40:07,23030.0,1780.0
99.600,0.300,0.0,0.0,0.0,0.100,0.0,2695168.0,0.0,0.0,0.0,0.0,67.0,18.280,7.760,5.070,24585445376.0,2195456.0,12067725312.0,30613397504.0,146975.0,13595.0,21.0,0.0,17.0,0.0,648.0,0.0,33755754496.0,27-12 08:40:08,23588.0,1965.0
99.750,0.200,0.0,0.0,0.0,0.050,0.0,176128.0,0.0,0.0,1.0,0.0,96.0,18.280,7.760,5.070,24584667136.0,2195456.0,12067729408.0,30614171648.0,19800.0,12381.0,20.0,0.0,16.0,0.0,41.0,0.0,33755754496.0,27-12 08:40:09,22902.0,1692.0
99.700,0.250,0.0,0.0,0.0,0.050,0.0,127488.0,0.0,0.0,0.0,0.0,155.0,18.420,7.960,5.150,24585224192.0,2195456.0,12076093440.0,30605250560.0,35037.0,13967.0,20.0,0.0,21.0,0.0,18.0,0.0,33755754496.0,27-12 08:40:10,22998.0,1837.0
99.800,0.150,0.0,0.0,0.0,0.050,0.0,12288.0,0.0,0.0,1.0,0.0,69.0,18.420,7.960,5.150,24582791168.0,2195456.0,12076097536.0,30607679488.0,16987.0,15854.0,20.0,0.0,17.0,0.0,4.0,0.0,33755754496.0,27-12 08:40:11,22931.0,1777.0
99.450,0.500,0.0,0.0,0.0,0.050,0.0,12288.0,0.0,0.0,0.0,0.0,258.0,18.420,7.960,5.150,24585166848.0,2195456.0,12076105728.0,30605295616.0,42798.0,16200.0,22.0,0.0,54.0,0.0,4.0,0.0,33755754496.0,27-12 08:40:12,24097.0,4125.0
99.650,0.250,0.0,0.0,0.0,0.100,0.0,4236288.0,0.0,0.0,1.0,0.0,110.0,18.420,7.960,5.150,24583614464.0,2195456.0,12076109824.0,30606843904.0,22753.0,13242.0,21.0,1.0,44.0,0.0,103.0,0.0,33755754496.0,27-12 08:40:13,23428.0,3262.0
99.500,0.350,0.0,0.0,0.0,0.150,0.0,4916224.0,0.0,0.0,0.0,0.0,150.0,18.420,7.960,5.150,24583794688.0,2195456.0,12076113920.0,30606659584.0,27450.0,13240.0,21.0,2.0,16.0,0.0,590.0,0.0,33755754496.0,27-12 08:40:14,23601.0,2451.0
99.700,0.200,0.0,0.0,0.0,0.100,0.0,2564608.0,0.0,0.0,1.0,0.0,69.0,18.780,8.210,5.240,24584028160.0,2195456.0,12076118016.0,30606422016.0,19104.0,14203.0,20.0,2.0,17.0,0.0,451.0,0.0,33755754496.0,27-12 08:40:15,23577.0,2201.0
99.500,0.350,0.0,0.0,0.0,0.150,0.0,2707456.0,0.0,0.0,0.0,0.0,89.0,18.780,8.210,5.240,24584093696.0,2195456.0,12076122112.0,30606352384.0,164596.0,33007.0,20.0,2.0,21.0,0.0,649.0,0.0,33755754496.0,27-12 08:40:16,24191.0,2559.0
99.750,0.150,0.0,0.0,0.0,0.100,0.0,2392064.0,0.0,0.0,1.0,0.0,100.0,18.780,8.210,5.240,24583925760.0,2195456.0,12076126208.0,30606516224.0,21011.0,13284.0,21.0,0.0,18.0,0.0,564.0,0.0,33755754496.0,27-12 08:40:17,23499.0,1945.0
99.750,0.200,0.0,0.0,0.0,0.050,0.0,663552.0,0.0,0.0,0.0,0.0,73.0,18.780,8.210,5.240,24582942720.0,2195456.0,12076134400.0,30607491072.0,14868.0,14084.0,21.0,0.0,18.0,0.0,153.0,0.0,33755754496.0,27-12 08:40:18,23072.0,1797.0
99.800,0.150,0.0,0.0,0.0,0.050,0.0,12288.0,0.0,0.0,1.0,0.0,95.0,18.780,8.210,5.240,24583122944.0,2195456.0,12076134400.0,30607310848.0,21490.0,15311.0,20.0,0.0,19.0,0.0,4.0,0.0,33755754496.0,27-12 08:40:19,23057.0,1808.0
99.750,0.200,0.0,0.0,0.0,0.050,0.0,1444864.0,0.0,0.0,0.0,0.0,114.0,19.040,8.440,5.330,24581971968.0,2195456.0,12076146688.0,30608449536.0,18854.0,6732.0,21.0,0.0,18.0,0.0,63.0,0.0,33755754496.0,27-12 08:40:20,22798.0,1672.0
99.750,0.200,0.0,0.0,0.0,0.050,0.0,8192.0,0.0,0.0,1.0,0.0,99.0,19.040,8.440,5.330,24582610944.0,2195456.0,12076150784.0,30607806464.0,20882.0,12065.0,20.0,0.0,17.0,0.0,2.0,0.0,33755754496.0,27-12 08:40:21,22837.0,1651.0
99.750,0.200,0.0,0.0,0.0,0.050,0.0,16384.0,0.0,0.0,0.0,0.0,267.0,19.040,8.440,5.330,24582606848.0,2195456.0,12076154880.0,30607806464.0,42704.0,16174.0,20.0,0.0,20.0,0.0,4.0,0.0,33755754496.0,27-12 08:40:22,23236.0,1907.0
99.750,0.150,0.050,0.0,0.0,0.050,0.0,86016.0,0.0,0.0,1.0,0.0,104.0,19.040,8.440,5.330,24582479872.0,2195456.0,12076158976.0,30607929344.0,19786.0,12623.0,23.0,0.0,19.0,0.0,6.0,0.0,33755754496.0,27-12 08:40:23,22914.0,1713.0
99.500,0.450,0.0,0.0,0.0,0.050,4096.0,16384.0,0.0,0.0,0.0,0.0,81.0,19.040,8.440,5.330,24582950912.0,2195456.0,12076163072.0,30607454208.0,151406.0,15224.0,21.0,0.0,19.0,1.0,4.0,0.0,33755754496.0,27-12 08:40:24,22940.0,1837.0
99.850,0.100,0.0,0.0,0.0,0.050,0.0,8192.0,0.0,0.0,1.0,0.0,69.0,19.120,8.630,5.410,24583081984.0,2195456.0,12076167168.0,30607319040.0,17813.0,15345.0,22.0,0.0,20.0,0.0,2.0,0.0,33755754496.0,27-12 08:40:25,20885.0,1624.0
99.400,0.550,0.0,0.0,0.0,0.050,0.0,7501312.0,0.0,0.0,0.0,0.0,74.0,19.120,8.630,5.410,24591208448.0,2195456.0,12076191744.0,30599168000.0,18217.0,13430.0,25.0,0.0,63.0,0.0,201.0,0.0,33755754496.0,27-12 08:40:26,24150.0,4817.0
99.600,0.300,0.050,0.0,0.0,0.050,0.0,45568.0,0.0,0.0,1.0,0.0,107.0,19.120,8.630,5.410,24586047488.0,2195456.0,12076208128.0,30604312576.0,29157.0,17105.0,20.0,0.0,32.0,0.0,8.0,0.0,33755754496.0,27-12 08:40:27,23366.0,2748.0
99.800,0.150,0.0,0.0,0.0,0.050,0.0,53248.0,0.0,0.0,0.0,0.0,67.0,19.120,8.630,5.410,24586346496.0,2195456.0,12076212224.0,30604009472.0,12694.0,11104.0,21.0,0.0,19.0,0.0,3.0,0.0,33755754496.0,27-12 08:40:28,22872.0,1583.0
99.650,0.300,0.0,0.0,0.0,0.050,0.0,16384.0,0.0,0.0,1.0,0.0,174.0,19.120,8.630,5.410,24586457088.0,2195456.0,12076216320.0,30603894784.0,52139.0,30252.0,21.0,0.0,18.0,0.0,6.0,0.0,33755754496.0,27-12 08:40:29,23516.0,2140.0
99.800,0.150,0.0,0.0,0.0,0.050,0.0,28672.0,0.0,0.0,0.0,0.0,107.0,19.190,8.820,5.490,24586153984.0,2195456.0,12076224512.0,30604189696.0,24992.0,17252.0,20.0,0.0,18.0,0.0,8.0,0.0,33755754496.0,27-12 08:40:30,23056.0,2032.0
99.750,0.200,0.0,0.0,0.0,0.050,0.0,16384.0,0.0,0.0,1.0,0.0,84.0,19.190,8.820,5.490,24586149888.0,2195456.0,12076224512.0,30604193792.0,21343.0,15862.0,23.0,1.0,19.0,0.0,3.0,0.0,33755754496.0,27-12 08:40:31,23003.0,1800.0
99.650,0.300,0.0,0.0,0.0,0.050,0.0,8192.0,0.0,0.0,0.0,0.0,220.0,19.190,8.820,5.490,24586104832.0,2195456.0,12076228608.0,30604234752.0,156077.0,15101.0,21.0,1.0,16.0,0.0,2.0,0.0,33755754496.0,27-12 08:40:32,23087.0,1830.0
99.550,0.350,0.0,0.0,0.0,0.100,0.0,2621440.0,0.0,0.0,1.0,0.0,120.0,19.190,8.820,5.490,24585924608.0,2195456.0,12076236800.0,30604406784.0,24660.0,13774.0,21.0,0.0,21.0,0.0,626.0,0.0,33755754496.0,27-12 08:40:33,23601.0,1797.0
99.650,0.300,0.0,0.0,0.0,0.050,0.0,12288.0,0.0,0.0,0.0,0.0,78.0,19.190,8.820,5.490,24585183232.0,2195456.0,12076244992.0,30605139968.0,21067.0,17520.0,21.0,1.0,18.0,0.0,3.0,0.0,33755754496.0,27-12 08:40:34,22959.0,1650.0
99.700,0.250,0.0,0.0,0.0,0.050,0.0,7484416.0,0.0,0.0,1.0,0.0,66.0,19.250,9.010,5.570,24584294400.0,2195456.0,12076244992.0,30606028800.0,9194.0,5426.0,22.0,0.0,15.0,0.0,219.0,0.0,33755754496.0,27-12 08:40:35,23092.0,2489.0
99.800,0.200,0.0,0.0,0.0,0.0,0.0,16384.0,0.0,0.0,0.0,0.0,115.0,19.250,9.010,5.570,24584818688.0,2195456.0,12076253184.0,30605496320.0,23122.0,11190.0,21.0,0.0,20.0,0.0,4.0,0.0,33755754496.0,27-12 08:40:36,22821.0,1640.0
99.400,0.500,0.0,0.050,0.0,0.050,0.0,16384.0,0.0,0.0,1.0,0.0,112.0,19.250,9.010,5.570,9528315904.0,2195456.0,12076236800.0,45662015488.0,24597.0,15347.0,21.0,1.0,19.0,0.0,3.0,0.0,33755754496.0,27-12 08:40:37,23366.0,1826.0
54.273,45.677,0.0,0.0,0.0,0.050,0.0,532480.0,0.0,0.0,0.0,0.0,79.0,19.250,9.010,5.570,24575287296.0,2195456.0,12076281856.0,30614999040.0,147407.0,14031.0,21.0,1.0,15.0,0.0,133.0,0.0,33755754496.0,27-12 08:40:38,23508.0,1883.0
99.700,0.200,0.0,0.0,0.0,0.100,0.0,1400832.0,0.0,0.0,1.0,0.0,166.0,19.250,9.010,5.570,24576163840.0,2195456.0,12076281856.0,30614122496.0,28867.0,28195.0,22.0,0.0,63.0,0.0,328.0,0.0,33755754496.0,27-12 08:40:39,23399.0,2155.0
99.750,0.200,0.0,0.0,0.0,0.050,0.0,107008.0,0.0,0.0,0.0,0.0,108.0,19.470,9.220,5.660,24576417792.0,2195456.0,12076290048.0,30613860352.0,25353.0,16054.0,21.0,0.0,19.0,0.0,17.0,0.0,33755754496.0,27-12 08:40:40,22982.0,1822.0
99.750,0.200,0.0,0.0,0.0,0.050,0.0,12288.0,0.0,0.0,1.0,0.0,65.0,19.470,9.220,5.660,24576106496.0,2195456.0,12076290048.0,30614171648.0,15457.0,15896.0,20.0,0.0,15.0,0.0,2.0,0.0,33755754496.0,27-12 08:40:41,22861.0,1673.0
99.750,0.200,0.0,0.0,0.0,0.050,0.0,8192.0,0.0,0.0,0.0,0.0,287.0,19.470,9.220,5.660,24576180224.0,2195456.0,12076298240.0,30614089728.0,45256.0,15663.0,22.0,0.0,19.0,0.0,2.0,0.0,33755754496.0,27-12 08:40:42,23187.0,1756.0
99.500,0.450,0.0,0.0,0.0,0.050,0.0,32768.0,0.0,0.0,1.0,0.0,175.0,19.470,9.220,5.660,24579706880.0,2195456.0,12076314624.0,30610546688.0,23503.0,17393.0,22.0,0.0,72.0,0.0,8.0,0.0,33755754496.0,27-12 08:40:43,24256.0,5222.0
99.600,0.300,0.0,0.0,0.0,0.100,0.0,24576.0,0.0,0.0,0.0,0.0,143.0,19.470,9.220,5.660,24578715648.0,2195456.0,12076310528.0,30611542016.0,31171.0,11512.0,20.0,0.0,14.0,0.0,7.0,0.0,33755754496.0,27-12 08:40:44,22975.0,1820.0
99.700,0.250,0.0,0.0,0.0,0.050,0.0,5933568.0,0.0,0.0,1.0,0.0,87.0,19.600,9.420,5.740,24578854912.0,2195456.0,12076314624.0,30611398656.0,18852.0,21805.0,20.0,1.0,17.0,0.0,110.0,0.0,33755754496.0,27-12 08:40:45,23246.0,2469.0
99.400,0.500,0.0,0.0,0.0,0.100,0.0,1818624.0,0.0,0.0,0.0,0.0,123.0,19.600,9.420,5.740,24579039232.0,2195456.0,12076318720.0,30611210240.0,185178.0,28356.0,21.0,0.0,21.0,0.0,161.0,0.0,33755754496.0,27-12 08:40:46,23743.0,4398.0
99.750,0.200,0.0,0.0,0.0,0.050,0.0,16384.0,0.0,0.0,1.0,0.0,134.0,19.600,9.420,5.740,24578830336.0,2195456.0,12076318720.0,30611419136.0,28518.0,14925.0,20.0,0.0,15.0,0.0,4.0,0.0,33755754496.0,27-12 08:40:47,22998.0,1646.0
99.800,0.150,0.0,0.0,0.0,0.050,0.0,12288.0,0.0,0.0,0.0,0.0,76.0,19.600,9.420,5.740,24578351104.0,2195456.0,12076326912.0,30611890176.0,12252.0,10693.0,21.0,0.0,17.0,0.0,4.0,0.0,33755754496.0,27-12 08:40:48,22809.0,1491.0
99.700,0.200,0.0,0.0,0.0,0.100,0.0,1966080.0,0.0,0.0,1.0,0.0,119.0,19.600,9.420,5.740,24578744320.0,2195456.0,12076326912.0,30611496960.0,23703.0,12804.0,20.0,1.0,19.0,0.0,465.0,0.0,33755754496.0,27-12 08:40:49,23389.0,1775.0
99.650,0.300,0.0,0.0,0.0,0.050,0.0,1590272.0,0.0,0.0,0.0,0.0,143.0,19.710,9.610,5.820,24578613248.0,2195456.0,12076331008.0,30611623936.0,35402.0,16077.0,20.0,0.0,16.0,0.0,103.0,0.0,33755754496.0,27-12 08:40:50,23244.0,2730.0
99.750,0.200,0.0,0.0,0.0,0.050,0.0,20480.0,0.0,0.0,1.0,0.0,110.0,19.710,9.610,5.820,24578535424.0,2195456.0,12076331008.0,30611701760.0,20767.0,13817.0,20.0,0.0,17.0,0.0,6.0,0.0,33755754496.0,27-12 08:40:51,22965.0,1655.0
99.800,0.150,0.0,0.0,0.0,0.050,0.0,12288.0,0.0,0.0,0.0,0.0,331.0,19.710,9.610,5.820,24578641920.0,2195456.0,12076335104.0,30611591168.0,57662.0,16383.0,20.0,0.0,20.0,0.0,2.0,0.0,33755754496.0,27-12 08:40:52,23261.0,1685.0
99.750,0.200,0.0,0.0,0.0,0.050,0.0,16384.0,0.0,0.0,1.0,0.0,83.0,19.710,9.610,5.820,24578605056.0,2195456.0,12076335104.0,30611628032.0,18537.0,12114.0,21.0,0.0,16.0,0.0,6.0,0.0,33755754496.0,27-12 08:40:53,22879.0,1729.0
99.550,0.350,0.0,0.0,0.0,0.100,0.0,1757184.0,0.0,0.0,0.0,0.0,83.0,19.710,9.610,5.820,24579428352.0,2195456.0,12076339200.0,30610800640.0,154259.0,17931.0,20.0,1.0,16.0,0.0,393.0,0.0,33755754496.0,27-12 08:40:54,23445.0,2000.0
99.650,0.200,0.0,0.0,0.0,0.150,0.0,2654208.0,0.0,0.0,1.0,0.0,75.0,19.810,9.800,5.900,24579026944.0,2195456.0,12076343296.0,30611197952.0,19111.0,16933.0,20.0,1.0,22.0,0.0,637.0,0.0,33755754496.0,27-12 08:40:55,23690.0,2210.0
99.650,0.250,0.0,0.0,0.0,0.100,0.0,6254592.0,0.0,0.0,0.0,0.0,77.0,19.810,9.800,5.900,24578990080.0,2195456.0,12076351488.0,30611226624.0,17599.0,13216.0,20.0,1.0,17.0,0.0,540.0,0.0,33755754496.0,27-12 08:40:56,23615.0,2372.0
99.400,0.500,0.0,0.0,0.0,0.100,0.0,3793408.0,0.0,0.0,1.0,0.0,71.0,19.810,9.800,5.900,24581083136.0,2195456.0,12076380160.0,30609104896.0,20038.0,17444.0,23.0,0.0,70.0,0.0,237.0,0.0,33755754496.0,27-12 08:40:57,24643.0,5919.0
99.650,0.200,0.100,0.0,0.0,0.050,0.0,12288.0,0.0,0.0,0.0,0.0,68.0,19.810,9.800,5.900,24580636672.0,2195456.0,12076376064.0,30609555456.0,13189.0,12010.0,21.0,0.0,32.0,0.0,4.0,0.0,33755754496.0,27-12 08:40:58,23097.0,2268.0
99.750,0.200,0.0,0.0,0.0,0.050,0.0,8192.0,0.0,0.0,1.0,0.0,142.0,19.810,9.800,5.900,24580608000.0,2195456.0,12076376064.0,30609584128.0,31426.0,14327.0,20.0,0.0,16.0,0.0,2.0,0.0,33755754496.0,27-12 08:40:59,23019.0,1918.0
99.750,0.200,0.0,0.0,0.0,0.050,0.0,12288.0,0.0,0.0,0.0,0.0,87.0,19.830,9.970,5.980,24581091328.0,2195456.0,12076376064.0,30609100800.0,19397.0,15266.0,20.0,0.0,18.0,0.0,4.0,0.0,33755754496.0,27-12 08:41:00,22979.0,1717.0
99.800,0.200,0.0,0.0,0.0,0.0,0.0,12288.0,0.0,0.0,1.0,0.0,69.0,19.830,9.970,5.980,24581066752.0,2195456.0,12076376064.0,30609125376.0,136945.0,16669.0,20.0,0.0,21.0,0.0,2.0,0.0,33755754496.0,27-12 08:41:01,23027.0,1738.0
99.700,0.200,0.050,0.0,0.0,0.050,0.0,16384.0,0.0,0.0,0.0,0.0,291.0,19.830,9.970,5.980,24580997120.0,2195456.0,12076400640.0,30609170432.0,47397.0,15985.0,20.0,0.0,17.0,0.0,4.0,0.0,33755754496.0,27-12 08:41:02,23238.0,1931.0
99.750,0.200,0.0,0.0,0.0,0.050,0.0,8192.0,0.0,0.0,1.0,0.0,100.0,19.830,9.970,5.980,24580964352.0,2195456.0,12076400640.0,30609203200.0,17257.0,13106.0,21.0,0.0,18.0,0.0,2.0,0.0,33755754496.0,27-12 08:41:03,22891.0,1704.0
99.750,0.200,0.0,0.0,0.0,0.050,0.0,8192.0,0.0,0.0,0.0,0.0,111.0,19.830,9.970,5.980,24581148672.0,2195456.0,12076404736.0,30609014784.0,21595.0,13373.0,20.0,0.0,20.0,0.0,2.0,0.0,33755754496.0,27-12 08:41:04,22973.0,1818.0
99.650,0.300,0.0,0.0,0.0,0.050,0.0,32768.0,0.0,0.0,1.0,0.0,65.0,19.840,10.140,6.050,24580345856.0,2195456.0,12076404736.0,30609817600.0,18472.0,17265.0,20.0,0.0,17.0,0.0,9.0,0.0,33755754496.0,27-12 08:41:05,22979.0,1886.0
99.750,0.200,0.0,0.0,0.0,0.050,0.0,8192.0,0.0,0.0,0.0,0.0,122.0,19.840,10.140,6.050,24580448256.0,2195456.0,12076404736.0,30609715200.0,23966.0,15816.0,20.0,0.0,18.0,0.0,2.0,0.0,33755754496.0,27-12 08:41:06,22937.0,1610.0
99.550,0.300,0.0,0.0,0.0,0.150,0.0,6344704.0,0.0,0.0,1.0,0.0,90.0,19.840,10.140,6.050,24580853760.0,2195456.0,12076404736.0,30609309696.0,34885.0,17686.0,20.0,0.0,20.0,0.0,603.0,0.0,33755754496.0,27-12 08:41:07,23909.0,2510.0
99.700,0.250,0.0,0.0,0.0,0.050,0.0,3257856.0,0.0,0.0,0.0,0.0,68.0,19.840,10.140,6.050,24580939776.0,2195456.0,12076408832.0,30609219584.0,12991.0,12166.0,22.0,0.0,16.0,0.0,71.0,0.0,33755754496.0,27-12 08:41:08,23031.0,2218.0
99.700,0.250,0.0,0.0,0.0,0.050,0.0,8192.0,0.0,0.0,1.0,0.0,111.0,19.840,10.140,6.050,24580907008.0,2195456.0,12076408832.0,30609252352.0,154363.0,14694.0,20.0,0.0,16.0,0.0,2.0,0.0,33755754496.0,27-12 08:41:09,22992.0,1733.0
99.700,0.300,0.0,0.0,0.0,0.0,0.0,178688.0,0.0,0.0,0.0,0.0,124.0,20.090,10.350,6.140,24581386240.0,2195456.0,12076412928.0,30608769024.0,27337.0,15754.0,20.0,0.0,22.0,0.0,15.0,0.0,33755754496.0,27-12 08:41:10,22990.0,1817.0
99.650,0.300,0.0,0.0,0.0,0.050,0.0,8192.0,0.0,0.0,1.0,0.0,75.0,20.090,10.350,6.140,24583073792.0,2195456.0,12076412928.0,30607081472.0,17910.0,14767.0,21.0,0.0,18.0,0.0,2.0,0.0,33755754496.0,27-12 08:41:11,22959.0,1858.0
99.700,0.200,0.0,0.0,0.0,0.100,0.0,770048.0,0.0,0.0,0.0,0.0,250.0,20.090,10.350,6.140,24581136384.0,2195456.0,12076417024.0,30609014784.0,38537.0,17584.0,20.0,0.0,17.0,0.0,171.0,0.0,33755754496.0,27-12 08:41:12,23534.0,1947.0
99.600,0.400,0.0,0.0,0.0,0.0,0.0,8192.0,0.0,0.0,1.0,0.0,163.0,20.090,10.350,6.140,24586022912.0,2195456.0,12076417024.0,30604128256.0,30547.0,12087.0,24.0,0.0,51.0,0.0,2.0,0.0,33755754496.0,27-12 08:41:13,23872.0,3696.0
99.600,0.350,0.0,0.0,0.0,0.050,0.0,37888.0,0.0,0.0,0.0,0.0,122.0,20.090,10.350,6.140,24582832128.0,2195456.0,12076421120.0,30607314944.0,26735.0,13636.0,21.0,0.0,35.0,0.0,8.0,0.0,33755754496.0,27-12 08:41:14,23287.0,2801.0
99.750,0.200,0.0,0.0,0.0,0.050,0.0,8192.0,0.0,0.0,1.0,0.0,72.0,20.090,10.510,6.220,24582426624.0,2195456.0,12076429312.0,30607712256.0,19286.0,16330.0,20.0,0.0,17.0,0.0,2.0,0.0,33755754496.0,27-12 08:41:15,22979.0,1709.0
99.750,0.200,0.0,0.0,0.0,0.050,0.0,12288.0,0.0,0.0,0.0,0.0,98.0,20.090,10.510,6.220,24582590464.0,2195456.0,12076429312.0,30607548416.0,28178.0,15917.0,20.0,0.0,21.0,0.0,4.0,0.0,33755754496.0,27-12 08:41:16,23019.0,1759.0
99.750,0.200,0.0,0.0,0.0,0.050,0.0,1892352.0,0.0,0.0,1.0,0.0,67.0,20.090,10.510,6.220,24582377472.0,2195456.0,12076433408.0,30607757312.0,144344.0,20881.0,21.0,0.0,17.0,0.0,450.0,0.0,33755754496.0,27-12 08:41:17,23575.0,2045.0
99.600,0.300,0.0,0.0,0.0,0.100,0.0,7731200.0,0.0,0.0,0.0,0.0,75.0,20.090,10.510,6.220,24581963776.0,2195456.0,12076437504.0,30608166912.0,14966.0,14420.0,21.0,0.0,18.0,0.0,172.0,0.0,33755754496.0,27-12 08:41:18,23293.0,2792.0
99.750,0.150,0.0,0.0,0.0,0.100,0.0,24576.0,0.0,0.0,1.0,0.0,83.0,20.090,10.510,6.220,24582152192.0,2195456.0,12076441600.0,30607974400.0,17914.0,14381.0,21.0,0.0,20.0,0.0,8.0,0.0,33755754496.0,27-12 08:41:19,22943.0,2038.0
99.750,0.250,0.0,0.0,0.0,0.0,0.0,548864.0,0.0,0.0,0.0,0.0,114.0,20.080,10.670,6.290,24581644288.0,2195456.0,12076441600.0,30608482304.0,30631.0,14782.0,20.0,0.0,16.0,0.0,26.0,0.0,33755754496.0,27-12 08:41:20,22996.0,1795.0
99.750,0.200,0.0,0.0,0.0,0.050,0.0,1272320.0,0.0,0.0,1.0,0.0,106.0,20.080,10.670,6.290,24581357568.0,2195456.0,12076441600.0,30608769024.0,23926.0,15349.0,20.0,0.0,19.0,0.0,55.0,0.0,33755754496.0,27-12 08:41:21,23114.0,2085.0
99.650,0.250,0.0,0.0,0.0,0.100,0.0,1581056.0,0.0,0.0,0.0,0.0,257.0,20.080,10.670,6.290,24581849088.0,2195456.0,12076441600.0,30608277504.0,37172.0,16501.0,20.0,1.0,21.0,0.0,377.0,0.0,33755754496.0,27-12 08:41:22,23589.0,1911.0
99.800,0.150,0.0,0.0,0.0,0.050,0.0,565248.0,0.0,0.0,1.0,0.0,86.0,20.080,10.670,6.290,24580648960.0,2195456.0,12076441600.0,30609477632.0,15912.0,11169.0,21.0,1.0,16.0,0.0,135.0,0.0,33755754496.0,27-12 08:41:23,22988.0,1773.0
99.750,0.200,0.0,0.0,0.0,0.050,0.0,12288.0,0.0,0.0,0.0,0.0,93.0,20.080,10.670,6.290,24580460544.0,2195456.0,12076441600.0,30609666048.0,15611.0,11611.0,20.0,1.0,19.0,0.0,4.0,0.0,33755754496.0,27-12 08:41:24,22923.0,1807.0
99.600,0.350,0.0,0.0,0.0,0.050,8192.0,24576.0,0.0,0.0,1.0,0.0,71.0,20.070,10.820,6.370,24580435968.0,2195456.0,12076441600.0,30609690624.0,150002.0,18089.0,20.0,1.0,21.0,2.0,6.0,0.0,33755754496.0,27-12 08:41:25,22939.0,1732.0
99.750,0.200,0.0,0.0,0.0,0.050,0.0,8192.0,0.0,0.0,0.0,0.0,84.0,20.070,10.820,6.370,24580562944.0,2195456.0,12076441600.0,30609563648.0,17568.0,13891.0,20.0,0.0,16.0,0.0,1.0,0.0,33755754496.0,27-12 08:41:26,22892.0,1606.0
99.550,0.300,0.0,0.0,0.0,0.150,0.0,1179648.0,0.0,0.0,1.0,0.0,141.0,20.070,10.820,6.370,24582434816.0,2195456.0,12076445696.0,30607687680.0,28857.0,16144.0,22.0,0.0,34.0,0.0,260.0,0.0,33755754496.0,27-12 08:41:27,23990.0,3228.0
99.150,0.550,0.250,0.0,0.0,0.050,0.0,5683712.0,0.0,0.0,0.0,0.0,80.0,20.070,10.820,6.370,24583462912.0,2195456.0,12076445696.0,30606659584.0,13195.0,11492.0,22.0,0.0,70.0,0.0,109.0,0.0,33755754496.0,27-12 08:41:28,24121.0,5183.0
99.750,0.200,0.0,0.0,0.0,0.050,0.0,1860096.0,0.0,0.0,1.0,0.0,149.0,20.070,10.820,6.370,24583102464.0,2195456.0,12076470272.0,30606995456.0,26816.0,15106.0,20.0,0.0,14.0,0.0,92.0,0.0,33755754496.0,27-12 08:41:29,23126.0,2040.0
99.750,0.200,0.0,0.0,0.0,0.050,0.0,8192.0,0.0,0.0,0.0,0.0,103.0,20.150,10.990,6.440,24583376896.0,2195456.0,12076474368.0,30606716928.0,22030.0,16584.0,20.0,0.0,21.0,0.0,2.0,0.0,33755754496.0,27-12 08:41:30,23020.0,1791.0
99.400,0.550,0.0,0.0,0.0,0.050,0.0,12288.0,0.0,0.0,1.0,0.0,106.0,20.150,10.990,6.440,4151341056.0,2195456.0,12076474368.0,51038752768.0,21944.0,16932.0,20.0,0.0,20.0,0.0,4.0,0.0,33755754496.0,27-12 08:41:31,23478.0,1941.0
55.400,44.550,0.0,0.0,0.0,0.050,0.0,921600.0,0.0,0.0,0.0,0.0,253.0,20.150,10.990,6.440,24577265664.0,2195456.0,12076478464.0,30612824064.0,161088.0,18262.0,20.0,1.0,15.0,0.0,207.0,0.0,33755754496.0,27-12 08:41:32,23564.0,2245.0
99.750,0.200,0.0,0.0,0.0,0.050,0.0,1318912.0,0.0,0.0,1.0,0.0,123.0,20.150,10.990,6.440,24576499712.0,2195456.0,12076482560.0,30613585920.0,23702.0,12069.0,21.0,0.0,18.0,0.0,308.0,0.0,33755754496.0,27-12 08:41:33,23196.0,1789.0
99.650,0.300,0.0,0.0,0.0,0.050,0.0,8192.0,0.0,0.0,0.0,0.0,72.0,20.150,10.990,6.440,24577683456.0,2195456.0,12076486656.0,30612398080.0,14069.0,12898.0,20.0,0.0,22.0,0.0,2.0,0.0,33755754496.0,27-12 08:41:34,22846.0,1656.0
99.800,0.150,0.0,0.0,0.0,0.050,0.0,8192.0,0.0,0.0,1.0,0.0,63.0,20.140,11.140,6.520,24577548288.0,2195456.0,12076486656.0,30612533248.0,16706.0,16565.0,20.0,0.0,15.0,0.0,2.0,0.0,33755754496.0,27-12 08:41:35,22923.0,1640.0
99.700,0.250,0.0,0.0,0.0,0.050,0.0,12288.0,0.0,0.0,0.0,0.0,85.0,20.140,11.140,6.520,24578084864.0,2195456.0,12076490752.0,30611992576.0,19889.0,14793.0,20.0,0.0,19.0,0.0,4.0,0.0,33755754496.0,27-12 08:41:36,22987.0,1809.0
99.800,0.200,0.0,0.0,0.0,0.0,0.0,16384.0,0.0,0.0,1.0,0.0,73.0,20.140,11.140,6.520,24578445312.0,2195456.0,12076490752.0,30611632128.0,18107.0,14623.0,20.0,0.0,20.0,0.0,4.0,0.0,33755754496.0,27-12 08:41:37,22877.0,1725.0
99.700,0.200,0.0,0.0,0.0,0.100,0.0,20480.0,0.0,0.0,0.0,0.0,62.0,20.140,11.140,6.520,24578379776.0,2195456.0,12076494848.0,30611693568.0,11382.0,10618.0,21.0,0.0,15.0,0.0,6.0,0.0,33755754496.0,27-12 08:41:38,22783.0,1716.0
99.650,0.300,0.0,0.0,0.0,0.050,0.0,7411200.0,0.0,0.0,1.0,0.0,96.0,20.140,11.140,6.520,24578183168.0,2195456.0,12076494848.0,30611890176.0,20396.0,13414.0,20.0,0.0,17.0,0.0,201.0,0.0,33755754496.0,27-12 08:41:39,23482.0,2813.0
99.700,0.250,0.0,0.0,0.0,0.050,0.0,107008.0,0.0,0.0,0.0,0.0,91.0,20.120,11.290,6.590,24577732608.0,2195456.0,12076498944.0,30612336640.0,158982.0,18270.0,20.0,0.0,20.0,0.0,17.0,0.0,33755754496.0,27-12 08:41:40,23023.0,1861.0
99.750,0.200,0.0,0.0,0.0,0.050,0.0,12288.0,0.0,0.0,1.0,0.0,63.0,20.120,11.290,6.590,24577748992.0,2195456.0,12076498944.0,30612320256.0,16072.0,16734.0,20.0,0.0,15.0,0.0,2.0,0.0,33755754496.0,27-12 08:41:41,22931.0,1739.0
99.700,0.250,0.0,0.0,0.0,0.050,0.0,8192.0,0.0,0.0,0.0,0.0,272.0,20.120,11.290,6.590,24577634304.0,2195456.0,12076503040.0,30612430848.0,50604.0,16339.0,20.0,0.0,18.0,0.0,2.0,0.0,33755754496.0,27-12 08:41:42,23268.0,1945.0
99.600,0.250,0.0,0.0,0.0,0.150,0.0,2461696.0,0.0,0.0,1.0,0.0,92.0,20.120,11.290,6.590,24578781184.0,2195456.0,12076503040.0,30611283968.0,17406.0,12829.0,23.0,1.0,20.0,0.0,579.0,0.0,33755754496.0,27-12 08:41:43,23529.0,2497.0
99.200,0.550,0.100,0.0,0.0,0.150,0.0,2063872.0,0.0,0.0,0.0,0.0,130.0,20.120,11.290,6.590,24582004736.0,2195456.0,12076507136.0,30608056320.0,24848.0,11974.0,20.0,1.0,71.0,0.0,501.0,0.0,33755754496.0,27-12 08:41:44,24807.0,6103.0
99.650,0.250,0.0,0.0,0.0,0.100,0.0,1585152.0,0.0,0.0,1.0,0.0,78.0,20.110,11.430,6.660,24580972544.0,2195456.0,12076507136.0,30609088512.0,19789.0,18396.0,20.0,0.0,18.0,0.0,358.0,0.0,33755754496.0,27-12 08:41:45,23327.0,1955.0
99.850,0.100,0.0,0.0,0.0,0.050,0.0,12288.0,0.0,0.0,0.0,0.0,114.0,20.110,11.430,6.660,24581218304.0,2195456.0,12076507136.0,30608842752.0,24941.0,15812.0,20.0,0.0,20.0,0.0,4.0,0.0,33755754496.0,27-12 08:41:46,22972.0,1741.0
99.750,0.200,0.0,0.0,0.0,0.050,0.0,16384.0,0.0,0.0,1.0,0.0,105.0,20.110,11.430,6.660,24580730880.0,2195456.0,12076507136.0,30609330176.0,23888.0,15581.0,20.0,0.0,15.0,0.0,4.0,0.0,33755754496.0,27-12 08:41:47,23003.0,1814.0
99.750,0.250,0.0,0.0,0.0,0.0,0.0,12288.0,0.0,0.0,0.0,0.0,72.0,20.110,11.430,6.660,24580730880.0,2195456.0,12076507136.0,30609330176.0,134289.0,13181.0,21.0,0.0,18.0,0.0,4.0,0.0,33755754496.0,27-12 08:41:48,22874.0,1741.0
99.650,0.300,0.0,0.0,0.0,0.050,0.0,5742592.0,0.0,0.0,1.0,0.0,145.0,20.110,11.430,6.660,24580771840.0,2195456.0,12076511232.0,30609285120.0,27156.0,13308.0,20.0,1.0,19.0,0.0,82.0,0.0,33755754496.0,27-12 08:41:49,23124.0,2307.0
99.650,0.200,0.0,0.0,0.0,0.150,0.0,3923968.0,0.0,0.0,0.0,0.0,92.0,20.110,11.570,6.730,24579952640.0,2195456.0,12076511232.0,30610104320.0,25343.0,16413.0,20.0,0.0,15.0,0.0,449.0,0.0,33755754496.0,27-12 08:41:50,23529.0,2356.0
99.750,0.200,0.0,0.0,0.0,0.050,0.0,1289216.0,0.0,0.0,1.0,0.0,88.0,20.110,11.570,6.730,24580075520.0,2195456.0,12076515328.0,30609977344.0,46398.0,14821.0,22.0,0.0,18.0,0.0,55.0,0.0,33755754496.0,27-12 08:41:51,23006.0,1831.0
99.700,0.250,0.0,0.0,0.0,0.050,0.0,24576.0,0.0,0.0,0.0,0.0,326.0,20.110,11.570,6.730,24580702208.0,2195456.0,12076515328.0,30609350656.0,56879.0,15834.0,20.0,0.0,20.0,0.0,8.0,0.0,33755754496.0,27-12 08:41:52,23219.0,1861.0
99.850,0.100,0.0,0.0,0.0,0.050,0.0,12288.0,0.0,0.0,1.0,0.0,89.0,20.110,11.570,6.730,24580624384.0,2195456.0,12076515328.0,30609428480.0,17358.0,11186.0,21.0,0.0,15.0,0.0,4.0,0.0,33755754496.0,27-12 08:41:53,22920.0,1782.0
99.650,0.300,0.0,0.0,0.0,0.050,0.0,16384.0,0.0,0.0,0.0,0.0,95.0,20.110,11.570,6.730,24580354048.0,2195456.0,12076515328.0,30609698816.0,156665.0,17351.0,22.0,0.0,17.0,0.0,4.0,0.0,33755754496.0,27-12 08:41:54,23007.0,1970.0
99.500,0.400,0.0,0.0,0.0,0.100,0.0,835584.0,0.0,0.0,1.0,0.0,67.0,20.260,11.750,6.810,24581386240.0,2195456.0,12076519424.0,30608662528.0,18778.0,15666.0,20.0,1.0,23.0,0.0,203.0,0.0,33755754496.0,27-12 08:41:55,23194.0,2080.0
99.800,0.150,0.0,0.0,0.0,0.050,0.0,8192.0,0.0,0.0,0.0,0.0,82.0,20.260,11.750,6.810,24581267456.0,2195456.0,12076519424.0,30608781312.0,17967.0,13292.0,20.0,0.0,16.0,0.0,3.0,0.0,33755754496.0,27-12 08:41:56,22873.0,1669.0
99.800,0.200,0.0,0.0,0.0,0.0,0.0,16384.0,0.0,0.0,1.0,0.0,75.0,20.260,11.750,6.810,24580984832.0,2195456.0,12076523520.0,30609059840.0,19052.0,15873.0,22.0,0.0,19.0,0.0,4.0,0.0,33755754496.0,27-12 08:41:57,22939.0,1810.0
99.500,0.450,0.0,0.0,0.0,0.050,0.0,48640.0,0.0,0.0,0.0,0.0,65.0,20.260,11.750,6.810,24585097216.0,2195456.0,12076531712.0,30604939264.0,12438.0,10939.0,23.0,0.0,78.0,0.0,10.0,0.0,33755754496.0,27-12 08:41:58,23915.0,5399.0
99.750,0.200,0.0,0.0,0.0,0.050,0.0,8192.0,0.0,0.0,1.0,0.0,113.0,20.260,11.750,6.810,24583929856.0,2195456.0,12076548096.0,30606090240.0,28732.0,12260.0,20.0,0.0,15.0,0.0,2.0,0.0,33755754496.0,27-12 08:41:59,23037.0,2037.0
99.500,0.300,0.0,0.0,0.0,0.200,0.0,8006656.0,0.0,0.0,0.0,0.0,96.0,20.400,11.920,6.900,24584781824.0,2195456.0,12076548096.0,30605238272.0,22594.0,14968.0,22.0,2.0,19.0,0.0,357.0,0.0,33755754496.0,27-12 08:42:00,23459.0,2655.0
99.750,0.150,0.0,0.0,0.0,0.100,0.0,1454592.0,0.0,0.0,1.0,0.0,67.0,20.400,11.920,6.900,24584015872.0,2195456.0,12076548096.0,30606004224.0,14069.0,13887.0,20.0,0.0,21.0,0.0,207.0,0.0,33755754496.0,27-12 08:42:01,23058.0,1871.0
98.701,1.199,0.050,0.0,0.0,0.050,0.0,20480.0,0.0,0.0,0.0,0.0,439.0,20.400,11.920,6.900,24597377024.0,2195456.0,12076564480.0,30592626688.0,85895.0,59145.0,23.0,1.0,68.0,0.0,3.0,0.0,33755754496.0,27-12 08:42:02,24020.0,3455.0
99.400,0.550,0.0,0.0,0.0,0.050,0.0,0.0,0.0,0.0,1.0,0.0,120.0,20.400,11.920,6.900,24587968512.0,2195456.0,12076560384.0,30602039296.0,143111.0,14258.0,20.0,0.0,35.0,0.0,1.0,0.0,33755754496.0,27-12 08:42:03,23099.0,2298.0
99.800,0.150,0.0,0.0,0.0,0.050,0.0,8192.0,0.0,0.0,0.0,0.0,122.0,20.400,11.920,6.900,24588320768.0,2195456.0,12076560384.0,30601687040.0,23639.0,11472.0,21.0,0.0,23.0,0.0,2.0,0.0,33755754496.0,27-12 08:42:04,22846.0,1623.0
99.700,0.250,0.0,0.0,0.0,0.050,0.0,20480.0,0.0,0.0,1.0,0.0,57.0,20.450,12.070,6.970,24587223040.0,2195456.0,12076560384.0,30602784768.0,15551.0,16012.0,20.0,0.0,15.0,0.0,6.0,0.0,33755754496.0,27-12 08:42:05,22952.0,1655.0
99.700,0.200,0.0,0.0,0.0,0.100,0.0,1462272.0,0.0,0.0,0.0,0.0,124.0,20.450,12.070,6.970,24587370496.0,2195456.0,12076560384.0,30602637312.0,26559.0,17396.0,20.0,0.0,17.0,0.0,337.0,0.0,33755754496.0,27-12 08:42:06,23541.0,1819.0
99.800,0.200,0.0,0.0,0.0,0.0,0.0,8192.0,0.0,0.0,1.0,0.0,132.0,20.450,12.070,6.970,24587632640.0,2195456.0,12076560384.0,30602375168.0,37446.0,17141.0,20.0,0.0,22.0,0.0,2.0,0.0,33755754496.0,27-12 08:42:07,23084.0,1842.0
99.750,0.200,0.0,0.0,0.0,0.050,0.0,16384.0,0.0,0.0,0.0,0.0,74.0,20.450,12.070,6.970,24587587584.0,2195456.0,12076560384.0,30602420224.0,13604.0,12663.0,21.0,0.0,15.0,0.0,4.0,0.0,33755754496.0,27-12 08:42:08,22848.0,1765.0
99.750,0.200,0.0,0.0,0.0,0.050,0.0,8192.0,0.0,0.0,1.0,0.0,117.0,20.450,12.070,6.970,24586985472.0,2195456.0,12076560384.0,30603022336.0,21376.0,12536.0,22.0,0.0,16.0,0.0,2.0,0.0,33755754496.0,27-12 08:42:09,22914.0,1711.0
99.650,0.300,0.0,0.0,0.0,0.050,0.0,112640.0,0.0,0.0,0.0,0.0,186.0,20.490,12.220,7.050,24587149312.0,2195456.0,12076560384.0,30602858496.0,177335.0,18231.0,20.0,0.0,22.0,0.0,17.0,0.0,33755754496.0,27-12 08:42:10,23143.0,2074.0
99.700,0.200,0.0,0.0,0.0,0.100,0.0,5750784.0,0.0,0.0,1.0,0.0,71.0,20.490,12.220,7.050,24588009472.0,2195456.0,12076564480.0,30601994240.0,17728.0,16152.0,21.0,1.0,15.0,0.0,377.0,0.0,33755754496.0,27-12 08:42:11,23426.0,2340.0
99.400,0.500,0.0,0.0,0.0,0.100,0.0,3965952.0,0.0,0.0,0.0,0.0,245.0,20.490,12.220,7.050,24589545472.0,2195456.0,12076564480.0,30600458240.0,39538.0,17256.0,21.0,0.0,18.0,0.0,260.0,0.0,33755754496.0,27-12 08:42:12,23687.0,2807.0
99.800,0.150,0.0,0.0,0.0,0.050,0.0,28672.0,0.0,0.0,1.0,0.0,118.0,20.490,12.220,7.050,24587911168.0,2195456.0,12076572672.0,30602084352.0,21514.0,13421.0,20.0,0.0,22.0,0.0,4.0,0.0,33755754496.0,27-12 08:42:13,22941.0,1798.0
99.500,0.450,0.0,0.0,0.0,0.050,0.0,8192.0,0.0,0.0,0.0,0.0,157.0,20.490,12.220,7.050,24592105472.0,2195456.0,12076576768.0,30597885952.0,27943.0,14975.0,22.0,0.0,53.0,0.0,2.0,0.0,33755754496.0,27-12 08:42:14,23867.0,3944.0
99.600,0.350,0.0,0.0,0.0,0.050,0.0,103936.0,0.0,0.0,1.0,0.0,84.0,20.450,12.350,7.120,24587673600.0,2195456.0,12076580864.0,30602313728.0,21073.0,16482.0,21.0,0.0,31.0,0.0,9.0,0.0,33755754496.0,27-12 08:42:15,23303.0,2768.0
99.850,0.150,0.0,0.0,0.0,0.0,0.0,12288.0,0.0,0.0,0.0,0.0,103.0,20.450,12.350,7.120,24587935744.0,2195456.0,12076580864.0,30602051584.0,23820.0,15622.0,20.0,0.0,23.0,0.0,4.0,0.0,33755754496.0,27-12 08:42:16,22976.0,1813.0
99.700,0.250,0.0,0.0,0.0,0.050,0.0,12288.0,0.0,0.0,1.0,0.0,105.0,20.450,12.350,7.120,24587915264.0,2195456.0,12076584960.0,30602067968.0,163445.0,34283.0,21.0,0.0,17.0,0.0,4.0,0.0,33755754496.0,27-12 08:42:17,23583.0,2195.0
99.700,0.250,0.0,0.0,0.0,0.050,0.0,24576.0,0.0,0.0,0.0,0.0,117.0,20.450,12.350,7.120,24587780096.0,2195456.0,12076589056.0,30602199040.0,22150.0,22579.0,55.0,0.0,71.0,0.0,4.0,0.0,33755754496.0,27-12 08:42:18,23224.0,2344.0
99.750,0.200,0.0,0.0,0.0,0.050,0.0,12288.0,0.0,0.0,1.0,0.0,207.0,20.450,12.350,7.120,24588304384.0,2195456.0,12076589056.0,30601674752.0,31620.0,30971.0,21.0,0.0,27.0,0.0,4.0,0.0,33755754496.0,27-12 08:42:19,23227.0,2164.0
99.850,0.100,0.0,0.0,0.0,0.050,0.0,12288.0,0.0,0.0,0.0,0.0,117.0,20.410,12.470,7.190,24588591104.0,2195456.0,12076589056.0,30601388032.0,32657.0,16376.0,21.0,0.0,15.0,0.0,2.0,0.0,33755754496.0,27-12 08:42:20,23052.0,1726.0
99.650,0.250,0.0,0.0,0.0,0.100,0.0,1396224.0,0.0,0.0,1.0,0.0,107.0,20.410,12.470,7.190,24588750848.0,2195456.0,12076593152.0,30601224192.0,28696.0,18752.0,20.0,0.0,16.0,0.0,68.0,0.0,33755754496.0,27-12 08:42:21,23197.0,2096.0
99.600,0.300,0.0,0.0,0.0,0.100,0.0,6324736.0,0.0,0.0,0.0,0.0,260.0,20.410,12.470,7.190,24588996608.0,2195456.0,12076593152.0,30600978432.0,36362.0,12418.0,20.0,1.0,24.0,0.0,264.0,0.0,33755754496.0,27-12 08:42:22,23425.0,2283.0
99.750,0.200,0.0,0.0,0.0,0.050,0.0,1885696.0,0.0,0.0,1.0,0.0,152.0,20.410,12.470,7.190,24587698176.0,2195456.0,12076593152.0,30602276864.0,20530.0,15405.0,20.0,0.0,15.0,0.0,62.0,0.0,33755754496.0,27-12 08:42:23,23274.0,2606.0
99.700,0.250,0.0,0.0,0.0,0.050,0.0,12288.0,0.0,0.0,0.0,0.0,76.0,20.410,12.470,7.190,24586911744.0,2195456.0,12076593152.0,30603063296.0,16187.0,16159.0,21.0,0.0,17.0,0.0,4.0,0.0,33755754496.0,27-12 08:42:24,22983.0,1749.0
90.645,9.305,0.0,0.0,0.0,0.050,20480.0,12288.0,0.0,0.0,1.0,0.0,67.0,20.380,12.600,7.250,6868979712.0,2195456.0,12076982272.0,48320606208.0,149329.0,17749.0,20.0,0.0,24.0,5.0,2.0,0.0,33755754496.0,27-12 08:42:25,24041.0,2248.0
78.300,21.700,0.0,0.0,0.0,0.0,0.0,8192.0,0.0,0.0,0.0,0.0,81.0,20.380,12.600,7.250,17169117184.0,2195456.0,12076990464.0,38020460544.0,21065.0,17375.0,20.0,0.0,15.0,0.0,2.0,0.0,33755754496.0,27-12 08:42:26,23311.0,1851.0
99.650,0.200,0.0,0.050,0.0,0.100,0.0,1970176.0,0.0,0.0,1.0,0.0,138.0,20.380,12.600,7.250,17169944576.0,2195456.0,12076994560.0,38019629056.0,21452.0,12367.0,20.0,2.0,16.0,0.0,466.0,0.0,33755754496.0,27-12 08:42:27,24094.0,1865.0
99.550,0.300,0.100,0.0,0.0,0.050,0.0,3256320.0,0.0,0.0,0.0,0.0,73.0,20.380,12.600,7.250,17174650880.0,2195456.0,12077006848.0,38014910464.0,13947.0,12570.0,22.0,1.0,74.0,0.0,782.0,0.0,33755754496.0,27-12 08:42:28,24915.0,4681.0
99.800,0.150,0.0,0.050,0.0,0.0,0.0,782848.0,0.0,0.0,1.0,0.0,178.0,20.380,12.600,7.250,17172250624.0,2195456.0,12077015040.0,38017302528.0,31850.0,17664.0,22.0,0.0,21.0,0.0,181.0,0.0,33755754496.0,27-12 08:42:29,24020.0,2971.0
99.800,0.150,0.0,0.0,0.0,0.050,0.0,8192.0,0.0,0.0,0.0,0.0,105.0,20.350,12.720,7.320,17172492288.0,2195456.0,12077019136.0,38017056768.0,19339.0,15350.0,20.0,0.0,17.0,0.0,2.0,0.0,33755754496.0,27-12 08:42:30,23539.0,1847.0
99.950,0.050,0.0,0.0,0.0,0.0,0.0,12288.0,0.0,0.0,1.0,0.0,90.0,20.350,12.720,7.320,17172910080.0,2195456.0,12077023232.0,38016634880.0,8664.0,4767.0,20.0,0.0,23.0,0.0,4.0,0.0,33755754496.0,27-12 08:42:31,22603.0,1453.0
99.800,0.150,0.0,0.0,0.0,0.050,0.0,12288.0,0.0,0.0,0.0,0.0,254.0,20.350,12.720,7.320,17173491712.0,2195456.0,12077027328.0,38016049152.0,156251.0,15383.0,22.0,0.0,14.0,0.0,2.0,0.0,33755754496.0,27-12 08:42:32,23238.0,1798.0
99.650,0.300,0.0,0.0,0.0,0.050,0.0,7628288.0,0.0,0.0,1.0,0.0,122.0,20.350,12.720,7.320,17173188608.0,2195456.0,12077035520.0,38016344064.0,20643.0,12369.0,20.0,0.0,16.0,0.0,180.0,0.0,33755754496.0,27-12 08:42:33,23297.0,2725.0
99.700,0.200,0.0,0.0,0.0,0.100,0.0,2269184.0,0.0,0.0,0.0,0.0,113.0,20.350,12.720,7.320,17173557248.0,2195456.0,12077035520.0,38015975424.0,18883.0,12702.0,20.0,0.0,26.0,0.0,504.0,0.0,33755754496.0,27-12 08:42:34,23337.0,1754.0
99.900,0.050,0.0,0.0,0.0,0.050,0.0,45056.0,0.0,0.0,1.0,0.0,65.0,20.320,12.840,7.390,17172631552.0,2195456.0,12077039616.0,38016897024.0,16256.0,16155.0,21.0,0.0,14.0,0.0,9.0,0.0,33755754496.0,27-12 08:42:35,22868.0,1538.0
99.900,0.100,0.0,0.0,0.0,0.0,0.0,16384.0,0.0,0.0,0.0,0.0,105.0,20.320,12.840,7.390,17172549632.0,2195456.0,12077039616.0,38016978944.0,18368.0,14531.0,21.0,0.0,17.0,0.0,4.0,0.0,33755754496.0,27-12 08:42:36,22918.0,1592.0
99.900,0.100,0.0,0.0,0.0,0.0,0.0,12288.0,0.0,0.0,1.0,0.0,106.0,20.320,12.840,7.390,17172770816.0,2195456.0,12077043712.0,38016753664.0,21246.0,14512.0,20.0,0.0,22.0,0.0,4.0,0.0,33755754496.0,27-12 08:42:37,22952.0,1722.0
99.500,0.450,0.0,0.0,0.0,0.050,0.0,12288.0,0.0,0.0,0.0,0.0,60.0,20.320,12.840,7.390,10829365248.0,2195456.0,12077043712.0,44360159232.0,9794.0,9547.0,21.0,0.0,14.0,0.0,4.0,0.0,33755754496.0,27-12 08:42:38,22858.0,1549.0
99.750,0.200,0.0,0.0,0.0,0.050,0.0,802816.0,0.0,0.0,1.0,0.0,94.0,20.320,12.840,7.390,10829783040.0,2195456.0,12077047808.0,44359737344.0,15963.0,12011.0,20.0,1.0,16.0,0.0,193.0,0.0,33755754496.0,27-12 08:42:39,23046.0,1673.0
99.750,0.250,0.0,0.0,0.0,0.0,0.0,1478656.0,0.0,0.0,0.0,0.0,80.0,20.300,12.960,7.460,10830905344.0,2195456.0,12077047808.0,44358615040.0,150559.0,16582.0,20.0,0.0,25.0,0.0,332.0,0.0,33755754496.0,27-12 08:42:40,23281.0,1926.0
69.300,30.650,0.0,0.0,0.0,0.050,0.0,8192.0,0.0,0.0,1.0,0.0,75.0,20.300,12.960,7.460,17167806464.0,2195456.0,12077051904.0,38021709824.0,17197.0,14912.0,21.0,0.0,14.0,0.0,2.0,0.0,33755754496.0,27-12 08:42:41,22843.0,1707.0
99.850,0.150,0.0,0.0,0.0,0.0,0.0,12288.0,0.0,0.0,0.0,0.0,339.0,20.300,12.960,7.460,17166954496.0,2195456.0,12077068288.0,38022545408.0,48740.0,17343.0,21.0,0.0,15.0,0.0,2.0,0.0,33755754496.0,27-12 08:42:42,23287.0,1826.0
99.850,0.100,0.0,0.0,0.0,0.050,0.0,6873088.0,0.0,0.0,1.0,0.0,174.0,20.300,12.960,7.460,17167355904.0,2195456.0,12077072384.0,38022139904.0,28898.0,11642.0,20.0,0.0,23.0,0.0,161.0,0.0,33755754496.0,27-12 08:42:43,23329.0,2502.0
99.850,0.150,0.0,0.0,0.0,0.0,0.0,683008.0,0.0,0.0,0.0,0.0,161.0,20.300,12.960,7.460,17167175680.0,2195456.0,12077072384.0,38022320128.0,23219.0,10459.0,21.0,0.0,14.0,0.0,28.0,0.0,33755754496.0,27-12 08:42:44,22935.0,1726.0
99.650,0.250,0.0,0.0,0.0,0.100,0.0,1634816.0,0.0,0.0,1.0,0.0,91.0,20.590,13.140,7.550,17170833408.0,2195456.0,12077072384.0,38018662400.0,18716.0,15095.0,20.0,0.0,69.0,0.0,376.0,0.0,33755754496.0,27-12 08:42:45,24641.0,5382.0
99.850,0.150,0.0,0.0,0.0,0.0,0.0,8192.0,0.0,0.0,0.0,0.0,148.0,20.590,13.140,7.550,17170997248.0,2195456.0,12077076480.0,38018494464.0,24622.0,19068.0,21.0,0.0,23.0,0.0,2.0,0.0,33755754496.0,27-12 08:42:46,23062.0,1852.0
99.800,0.150,0.0,0.0,0.0,0.050,0.0,16384.0,0.0,0.0,1.0,0.0,109.0,20.590,13.140,7.550,17170976768.0,2195456.0,12077080576.0,38018510848.0,145648.0,17625.0,20.0,0.0,12.0,0.0,4.0,0.0,33755754496.0,27-12 08:42:47,23210.0,1712.0
99.850,0.150,0.0,0.0,0.0,0.0,0.0,12288.0,0.0,0.0,0.0,0.0,82.0,20.590,13.140,7.550,17170944000.0,2195456.0,12077080576.0,38018543616.0,12503.0,11446.0,21.0,0.0,17.0,0.0,4.0,0.0,33755754496.0,27-12 08:42:48,22895.0,1697.0
99.850,0.150,0.0,0.0,0.0,0.0,0.0,12288.0,0.0,0.0,1.0,0.0,101.0,20.590,13.140,7.550,17171238912.0,2195456.0,12077084672.0,38018244608.0,18241.0,12104.0,20.0,0.0,23.0,0.0,4.0,0.0,33755754496.0,27-12 08:42:49,22879.0,1646.0
99.750,0.150,0.0,0.0,0.0,0.100,0.0,1675264.0,0.0,0.0,0.0,0.0,153.0,20.630,13.270,7.620,17170448384.0,2195456.0,12077084672.0,38019035136.0,31363.0,15581.0,20.0,0.0,13.0,0.0,394.0,0.0,33755754496.0,27-12 08:42:50,23386.0,1716.0
99.800,0.200,0.0,0.0,0.0,0.0,0.0,1344512.0,0.0,0.0,1.0,0.0,112.0,20.630,13.270,7.620,17170472960.0,2195456.0,12077092864.0,38019002368.0,19763.0,15438.0,22.0,0.0,17.0,0.0,71.0,0.0,33755754496.0,27-12 08:42:51,23117.0,2087.0
99.850,0.100,0.0,0.0,0.0,0.050,0.0,20480.0,0.0,0.0,0.0,0.0,364.0,20.630,13.270,7.620,17170718720.0,2195456.0,12077223936.0,38018625536.0,58606.0,15944.0,20.0,0.0,22.0,0.0,6.0,0.0,33755754496.0,27-12 08:42:52,23243.0,1791.0
99.550,0.450,0.0,0.0,0.0,0.0,0.0,16384.0,0.0,0.0,1.0,0.0,92.0,20.630,13.270,7.620,10826473472.0,2195456.0,12077232128.0,44362862592.0,17786.0,12622.0,21.0,0.0,13.0,0.0,6.0,0.0,33755754496.0,27-12 08:42:53,22857.0,1745.0
99.800,0.150,0.0,0.0,0.0,0.050,0.0,7343104.0,0.0,0.0,0.0,0.0,112.0,20.630,13.270,7.620,10826801152.0,2195456.0,12077236224.0,44362530816.0,22380.0,16970.0,20.0,0.0,16.0,0.0,190.0,0.0,33755754496.0,27-12 08:42:54,23436.0,2866.0
99.850,0.100,0.0,0.0,0.0,0.050,0.0,1114112.0,0.0,0.0,1.0,0.0,84.0,20.580,13.390,7.690,10827218944.0,2195456.0,12077240320.0,44362108928.0,153304.0,20526.0,21.0,0.0,25.0,0.0,261.0,0.0,33755754496.0,27-12 08:42:55,23310.0,1943.0
69.585,30.415,0.0,0.0,0.0,0.0,0.0,12288.0,0.0,0.0,0.0,0.0,63.0,20.580,13.390,7.690,17168146432.0,2195456.0,12077244416.0,38021177344.0,41997.0,14022.0,21.0,0.0,14.0,0.0,4.0,0.0,33755754496.0,27-12 08:42:56,22838.0,1732.0
99.850,0.100,0.0,0.0,0.0,0.050,0.0,20480.0,0.0,0.0,1.0,0.0,88.0,20.580,13.390,7.690,17168289792.0,2195456.0,12077248512.0,38021029888.0,20741.0,18553.0,20.0,0.0,16.0,0.0,4.0,0.0,33755754496.0,27-12 08:42:57,23099.0,1875.0
