1577445740
	1.000222889	114.84	1.000222889	66.69	
	2.000590682	111.81	2.000590682	87.44	
	3.000873089	111.73	3.000873089	87.20	
	4.001170917	111.86	4.001170917	87.39	
	5.001448759	112.20	5.001448759	87.31	
	6.001726335	112.31	6.001726335	87.18	
	7.002004456	112.87	7.002004456	87.02	
	8.002297821	112.59	8.002297821	87.09	
	9.002557906	112.67	9.002557906	86.84	
	10.002826402	112.84	10.002826402	86.87	
	11.003103362	112.78	11.003103362	86.99	
	12.003386718	112.38	12.003386718	86.82	
	13.003653967	112.65	13.003653967	86.85	
	14.004244875	112.57	14.004244875	87.04	
	15.004508418	112.62	15.004508418	87.04	
	16.004796430	112.66	16.004796430	86.88	
	17.005075976	112.63	17.005075976	87.05	
	18.005357420	112.70	18.005357420	86.75	
	19.005610123	112.90	19.005610123	86.83	
	20.005860050	113.72	20.005860050	87.13	
	21.006174301	112.78	21.006174301	86.97	
	22.006431239	112.78	22.006431239	86.95	
	23.006680950	112.95	23.006680950	86.80	
	24.006914818	112.93	24.006914818	86.72	
	25.007166049	113.06	25.007166049	87.17	
	26.007392263	113.01	26.007392263	86.88	
	27.007626762	113.01	27.007626762	86.76	
	28.007845371	112.54	28.007845371	87.13	
	29.008087782	112.05	29.008087782	86.94	
	30.008341055	112.30	30.008341055	87.11	
	31.008579027	112.49	31.008579027	86.82	
	32.008823077	112.35	32.008823077	87.06	
	33.009075264	112.55	33.009075264	86.95	
	34.009325583	112.57	34.009325583	87.06	
	35.009566100	112.76	35.009566100	87.07	
	36.009810157	112.66	36.009810157	87.07	
	37.010049676	112.93	37.010049676	87.05	
	38.010342776	113.53	38.010342776	87.33	
	39.010575899	112.77	39.010575899	87.15	
	40.010862539	112.72	40.010862539	87.06	
	41.011111472	112.99	41.011111472	87.16	
	42.011351559	112.86	42.011351559	87.07	
	43.011585227	112.84	43.011585227	87.21	
	44.011823799	112.92	44.011823799	87.17	
	45.012070763	113.01	45.012070763	87.20	
	46.012322261	112.89	46.012322261	87.19	
	47.012572816	112.89	47.012572816	87.15	
	48.012813048	112.90	48.012813048	87.08	
	49.013051837	112.82	49.013051837	87.22	
	50.013307939	113.18	50.013307939	87.27	
	51.013554254	112.83	51.013554254	87.16	
	52.014015831	112.62	52.014015831	87.12	
	53.014178069	112.51	53.014178069	87.32	
	54.014326916	125.02	54.014326916	82.01	
	55.014482021	134.40	55.014482021	74.71	
	56.014732940	112.95	56.014732940	87.15	
	57.014962204	113.37	57.014962204	87.22	
	58.015205424	113.44	58.015205424	87.21	
	59.015483469	113.52	59.015483469	87.32	
	60.015797987	113.68	60.015797987	87.29	
	61.016075729	113.80	61.016075729	87.18	
	62.016346913	113.71	62.016346913	87.27	
	63.016614302	113.78	63.016614302	87.07	
	64.016879485	113.73	64.016879485	87.25	
	65.017157557	113.91	65.017157557	87.24	
	66.017424811	113.81	66.017424811	87.34	
	67.017688064	113.80	67.017688064	87.32	
	68.017943380	113.88	68.017943380	87.28	
	69.018186507	114.23	69.018186507	87.45	
	70.018437570	113.85	70.018437570	87.16	
	71.018692505	113.87	71.018692505	87.25	
	72.018936793	113.81	72.018936793	87.16	
	73.019186633	113.86	73.019186633	86.83	
	74.019433540	113.92	74.019433540	87.05	
	75.019663316	113.78	75.019663316	86.81	
	76.019895892	113.97	76.019895892	87.17	
	77.020141883	113.95	77.020141883	86.88	
	78.020392552	113.90	78.020392552	86.83	
	79.020666382	113.90	79.020666382	86.68	
	80.020919692	114.90	80.020919692	86.93	
	81.021154428	114.00	81.021154428	86.86	
	82.021372103	113.45	82.021372103	86.85	
	83.021616372	113.13	83.021616372	86.90	
	84.021868301	113.26	84.021868301	86.80	
	85.022139711	113.20	85.022139711	86.85	
	86.022374495	113.07	86.022374495	86.85	
	87.022622404	113.18	87.022622404	86.93	
	88.022869929	113.18	88.022869929	86.95	
	89.023109216	113.25	89.023109216	86.84	
	90.023361318	113.33	90.023361318	86.82	
	91.023599200	113.19	91.023599200	86.71	
	92.023846798	113.37	92.023846798	86.92	
	93.024105641	113.34	93.024105641	86.87	
	94.024404388	113.16	94.024404388	86.66	
	95.024612700	113.48	95.024612700	86.98	
	96.024864401	113.16	96.024864401	86.92	
	97.025107592	113.42	97.025107592	87.03	
	98.025346271	113.45	98.025346271	86.93	
	99.025632325	113.46	99.025632325	86.90	
	100.025884761	113.86	100.025884761	87.09	
	101.026142492	113.28	101.026142492	86.86	
	102.026407799	114.50	102.026407799	87.02	
	103.026663798	113.26	103.026663798	86.95	
	104.026912934	113.03	104.026912934	86.81	
	105.027169697	113.02	105.027169697	86.93	
	106.027418681	113.07	106.027418681	87.03	
	107.027678478	112.78	107.027678478	86.90	
	108.027864440	128.33	108.027864440	79.02	
	109.028056976	132.35	109.028056976	76.69	
	110.028288012	113.23	110.028288012	86.96	
	111.028513162	113.51	111.028513162	86.95	
	112.028719443	113.60	112.028719443	86.94	
	113.028937893	113.88	113.028937893	87.18	
	114.029186560	113.83	114.029186560	87.09	
	115.029415874	113.92	115.029415874	87.02	
	116.029636463	113.85	116.029636463	86.95	
	117.029888884	113.93	117.029888884	87.04	
	118.030148741	113.97	118.030148741	87.14	
	119.030362277	113.92	119.030362277	87.11	
	120.030594689	114.09	120.030594689	87.14	
	121.030839227	114.05	121.030839227	87.09	
	122.031122308	114.12	122.031122308	87.23	
	123.031342696	114.14	123.031342696	87.10	
	124.031591173	114.10	124.031591173	86.92	
	125.031847809	114.11	125.031847809	86.87	
	126.032094422	114.21	126.032094422	87.04	
	127.032344503	114.26	127.032344503	87.12	
	128.032592974	115.65	128.032592974	87.13	
	129.032822583	114.38	129.032822583	87.31	
	130.033066984	114.42	130.033066984	87.40	
	131.033454555	114.39	131.033454555	87.42	
	132.033620656	114.23	132.033620656	87.32	
	133.033864822	114.22	133.033864822	87.26	
	134.034139697	114.35	134.034139697	87.00	
	135.034393019	114.29	135.034393019	87.17	
	136.034654678	113.53	136.034654678	87.30	
	137.034913712	113.47	137.034913712	87.38	
	138.035211631	113.18	138.035211631	87.33	
	139.035467931	113.30	139.035467931	87.38	
	140.036903615	113.91	140.036903615	87.46	
	141.037094237	113.67	141.037094237	87.28	
	142.037311551	113.25	142.037311551	87.11	
	143.037529882	113.25	143.037529882	87.22	
	144.037710848	113.30	144.037710848	87.31	
	145.037891589	113.19	145.037891589	87.38	
	146.038070896	113.06	146.038070896	87.34	
	147.038260090	113.20	147.038260090	87.36	
	148.038442233	113.21	148.038442233	87.37	
	149.038625248	113.10	149.038625248	87.37	
	150.038803882	113.00	150.038803882	87.32	
	151.038982070	113.10	151.038982070	87.39	
	152.039201750	112.91	152.039201750	87.29	
	153.039451875	113.12	153.039451875	87.47	
	154.039698330	113.26	154.039698330	87.39	
	155.039951049	113.40	155.039951049	87.35	
	156.040204561	113.04	156.040204561	87.49	
	157.040486094	112.79	157.040486094	87.27	
	158.040727175	112.86	158.040727175	87.40	
	159.040975792	112.98	159.040975792	87.65	
	160.041204474	112.74	160.041204474	87.45	
	161.041456296	113.20	161.041456296	87.76	
	162.041657363	129.29	162.041657363	77.48	
	163.041865228	131.47	163.041865228	78.36	
	164.042125723	113.22	164.042125723	87.64	
	165.042375738	113.15	165.042375738	87.51	
	166.042663548	113.35	166.042663548	87.46	
	167.042968017	113.27	167.042968017	87.58	
	168.043211172	113.27	168.043211172	87.27	
	169.043491766	113.49	169.043491766	87.46	
	170.043791697	113.53	170.043791697	87.47	
	171.044071375	113.45	171.044071375	87.62	
	172.044325697	113.61	172.044325697	87.42	
	173.044576386	113.60	173.044576386	87.44	
	174.044888701	113.73	174.044888701	87.50	
	175.045086087	113.78	175.045086087	87.51	
	176.045355969	113.65	176.045355969	87.59	
	177.045634396	113.68	177.045634396	87.41	
	178.045858029	113.62	178.045858029	87.43	
	179.046107073	113.57	179.046107073	87.21	
	180.046361656	113.82	180.046361656	87.14	
	181.046608065	113.76	181.046608065	87.28	
	182.046861501	113.76	182.046861501	87.17	
	183.047127456	113.81	183.047127456	87.22	
	184.047365838	113.62	184.047365838	87.29	
	185.047589241	113.76	185.047589241	87.23	
	186.047832889	113.83	186.047832889	87.06	
	187.048088089	113.51	187.048088089	87.09	
	188.048331078	113.58	188.048331078	87.06	
	189.048574011	113.64	189.048574011	87.20	
	190.048821603	113.15	190.048821603	87.01	
	191.049098560	113.30	191.049098560	87.17	
	192.049356029	113.56	192.049356029	87.29	
	193.049640077	113.18	193.049640077	87.24	
	194.049939616	113.46	194.049939616	87.19	
	195.050214866	113.19	195.050214866	87.29	
	196.050534067	113.17	196.050534067	87.07	
	197.050839839	113.47	197.050839839	87.26	
	198.051144017	112.95	198.051144017	86.93	
	199.051421988	113.25	199.051421988	86.98	
	200.051705254	113.09	200.051705254	87.34	
	201.051973451	114.16	201.051973451	87.19	
	202.052211261	113.04	202.052211261	86.95	
	203.052498516	113.30	203.052498516	87.24	
	204.052793025	112.89	204.052793025	87.17	
	205.053030856	113.00	205.053030856	87.29	
	206.053279571	112.95	206.053279571	87.17	
	207.053516840	112.90	207.053516840	87.11	
	208.053785122	112.91	208.053785122	87.02	
	209.054035822	113.01	209.054035822	87.01	
	210.054311534	112.86	210.054311534	87.26	
	211.054564018	112.83	211.054564018	87.34	
	212.054795060	112.88	212.054795060	87.23	
	213.055033143	112.99	213.055033143	87.16	
	214.055273397	112.84	214.055273397	86.97	
	215.055486666	112.65	215.055486666	87.11	
	216.055702676	130.44	216.055702676	73.86	
	217.055896987	129.66	217.055896987	83.88	
	218.056179842	113.26	218.056179842	87.41	
	219.056408157	113.19	219.056408157	87.08	
	220.056645964	113.12	220.056645964	87.16	
	221.056892738	114.16	221.056892738	87.16	
	222.057093656	113.86	222.057093656	87.25	
	223.057338058	114.05	223.057338058	87.27	
	224.057582150	113.75	224.057582150	87.26	
	225.057825660	113.70	225.057825660	87.21	
	226.058043407	113.57	226.058043407	87.34	
	227.058289081	113.72	227.058289081	87.08	
	228.058504689	113.53	228.058504689	86.96	
	229.058733841	113.73	229.058733841	87.07	
	230.059010688	113.76	230.059010688	87.18	
	231.059304452	113.72	231.059304452	87.27	
	232.059478889	113.60	232.059478889	87.08	
	233.059719165	113.68	233.059719165	87.17	
	234.059961785	113.83	234.059961785	87.18	
	235.060202809	113.69	235.060202809	87.16	
	236.060442902	113.79	236.060442902	87.17	
	237.060696629	113.75	237.060696629	87.02	
	238.060940924	113.62	238.060940924	87.18	
	239.061176693	113.80	239.061176693	86.98	
	240.061407688	113.71	240.061407688	87.03	
	241.061658084	113.76	241.061658084	87.25	
	242.061889163	113.87	242.061889163	87.18	
	243.062143013	113.72	243.062143013	86.90	
	244.062383067	113.05	244.062383067	86.84	
	245.062624931	113.07	245.062624931	87.07	
	246.062890201	113.10	246.062890201	87.03	
	247.063167453	113.04	247.063167453	86.94	
	248.063411991	112.91	248.063411991	86.73	
	249.063633705	113.08	249.063633705	86.98	
	250.063878207	113.12	250.063878207	86.88	
	251.064132710	112.97	251.064132710	87.06	
	252.064393564	113.11	252.064393564	86.98	
	253.064630614	113.36	253.064630614	86.94	
	254.064886233	113.46	254.064886233	87.04	
	255.065197841	113.19	255.065197841	86.89	
	256.065446801	113.09	256.065446801	87.04	
	257.065710961	113.20	257.065710961	86.90	
	258.065962689	113.12	258.065962689	86.72	
	259.066200640	113.06	259.066200640	86.85	
	260.066457187	112.97	260.066457187	86.90	
	261.071201767	114.19	261.071201767	87.14	
	262.071473343	113.48	262.071473343	86.86	
	263.071757569	113.06	263.071757569	86.95	
	264.072041854	113.02	264.072041854	86.87	
	265.072329082	112.98	265.072329082	86.82	
	266.072595261	112.92	266.072595261	86.77	
	267.072866482	112.88	267.072866482	86.93	
	268.073142752	112.90	268.073142752	86.87	
	269.073425444	112.83	269.073425444	86.85	
	270.073669371	132.96	270.073669371	72.01	
	271.073848496	142.01	271.073848496	60.70	
	272.073998801	140.45	272.073998801	64.52	
	273.074156071	140.54	273.074156071	46.73	
	274.074342042	143.40	274.074342042	51.34	
	275.074488310	143.15	275.074488310	63.90	
	276.074627189	142.65	276.074627189	49.57	
	277.074774571	142.92	277.074774571	50.86	
	278.074935551	146.91	278.074935551	60.55	
	279.075079316	144.58	279.075079316	49.93	
	280.075212580	142.77	280.075212580	51.99	
	281.075337447	144.29	281.075337447	57.81	
	282.075469972	144.13	282.075469972	49.43	
	283.075591174	142.68	283.075591174	49.06	
	284.075713974	145.89	284.075713974	54.50	
	285.075833366	143.65	285.075833366	46.22	
	286.075959062	142.61	286.075959062	62.38	
	287.076104550	142.55	287.076104550	64.30	
	288.076252047	141.77	288.076252047	44.86	
	289.076398118	143.93	289.076398118	52.78	
	290.076545273	144.37	290.076545273	62.57	
	291.076690006	142.40	291.076690006	45.58	
	292.076837877	144.10	292.076837877	51.68	
	293.076987671	145.16	293.076987671	62.79	
	294.077166280	141.23	294.077166280	46.84	
	295.077327574	143.64	295.077327574	48.61	
	296.077462003	142.20	296.077462003	60.89	
	297.077602044	140.60	297.077602044	45.42	
	298.077769111	143.57	298.077769111	50.17	
	299.077922989	144.15	299.077922989	64.02	
	300.078088107	142.57	300.078088107	48.62	
	301.078248933	142.17	301.078248933	62.84	
	302.078394454	146.35	302.078394454	57.51	
	303.078527286	143.33	303.078527286	47.71	
	304.078660515	144.84	304.078660515	50.84	
	305.078856444	141.86	305.078856444	59.89	
	306.079053367	141.95	306.079053367	47.38	
	307.079207273	142.69	307.079207273	52.43	
	308.079354179	145.66	308.079354179	61.58	
	309.079491381	141.64	309.079491381	45.61	
	310.079629336	144.77	310.079629336	51.73	
	311.079768493	146.54	311.079768493	62.57	
	312.079908518	141.22	312.079908518	44.78	
	313.080064371	145.32	313.080064371	51.83	
	314.080227471	142.38	314.080227471	63.51	
	315.080383757	141.11	315.080383757	45.09	
	316.080550519	142.63	316.080550519	65.57	
	317.080712474	140.92	317.080712474	56.80	
	318.080876809	141.21	318.080876809	50.86	
	319.081022713	142.79	319.081022713	51.96	
	320.081159115	140.79	320.081159115	58.35	
	321.081315869	141.48	321.081315869	49.74	
	322.081460874	142.35	322.081460874	48.61	
	323.081621178	142.36	323.081621178	57.34	
	324.081784425	141.97	324.081784425	50.74	
	325.081930985	144.18	325.081930985	52.09	
	326.082085950	143.33	326.082085950	58.83	
	327.082252246	141.92	327.082252246	48.84	
	328.082393320	143.82	328.082393320	51.33	
	329.082557315	143.76	329.082557315	56.98	
	330.082723344	142.56	330.082723344	47.75	
	331.082863448	144.09	331.082863448	62.53	
	332.082995518	141.68	332.082995518	52.56	
	333.083152786	142.69	333.083152786	58.74	
	334.083288788	142.85	334.083288788	49.65	
	335.083437472	142.92	335.083437472	53.47	
	336.083601311	144.46	336.083601311	55.71	
	337.083744542	143.77	337.083744542	51.87	
	338.083901376	141.83	338.083901376	52.23	
	339.084065745	142.39	339.084065745	52.93	
	340.084212712	142.63	340.084212712	50.15	
	341.084379990	141.39	341.084379990	56.18	
	342.084576067	141.56	342.084576067	54.13	
	343.084720887	142.74	343.084720887	53.24	
	344.084879172	141.75	344.084879172	59.01	
	345.085042619	141.83	345.085042619	49.96	
	346.085149018	142.08	346.085149018	64.68	
	347.085290554	141.74	347.085290554	53.74	
	348.085447315	141.03	348.085447315	58.25	
	349.085581283	142.69	349.085581283	52.10	
	350.085725691	142.31	350.085725691	54.47	
	351.085891692	142.49	351.085891692	53.12	
	352.086048074	144.31	352.086048074	51.58	
	353.086160475	143.89	353.086160475	55.89	
	354.086314923	143.43	354.086314923	50.98	
	355.086450507	145.33	355.086450507	52.01	
	356.086600076	140.36	356.086600076	60.53	
	357.086753994	140.70	357.086753994	49.10	
	358.086892798	143.20	358.086892798	52.15	
	359.087045067	143.94	359.087045067	54.50	
	360.087151988	144.30	360.087151988	46.74	
	361.087277859	144.37	361.087277859	61.16	
	362.087408415	142.18	362.087408415	49.76	
	363.087559145	147.22	363.087559145	58.43	
	364.087714934	143.83	364.087714934	47.73	
	365.087877349	142.18	365.087877349	49.41	
	366.088050660	145.12	366.088050660	57.39	
	367.088159101	142.68	367.088159101	47.23	
	368.088321890	142.56	368.088321890	49.94	
	369.088501982	143.86	369.088501982	62.34	
	370.088650189	143.55	370.088650189	50.77	
	371.088809129	141.08	371.088809129	53.87	
	372.088982379	140.60	372.088982379	57.42	
	373.089144355	142.45	373.089144355	51.99	
	374.089302535	141.07	374.089302535	52.03	
	375.089454890	142.23	375.089454890	52.93	
	376.089682504	140.55	376.089682504	55.03	
	377.089869836	142.18	377.089869836	53.42	
	378.090010812	145.38	378.090010812	57.98	
	379.090156572	140.20	379.090156572	43.85	
	380.090316149	144.43	380.090316149	49.52	
	381.090548567	140.71	381.090548567	63.80	
	382.090691250	140.76	382.090691250	45.25	
	383.090857581	142.39	383.090857581	51.54	
	384.091011511	144.98	384.091011511	62.59	
	385.091163580	140.76	385.091163580	46.63	
	386.091326646	143.75	386.091326646	50.33	
	387.091483704	143.42	387.091483704	63.35	
	388.091630479	141.64	388.091630479	48.30	
	389.091811440	141.90	389.091811440	49.39	
	390.091983564	142.79	390.091983564	63.07	
	391.092179876	140.80	391.092179876	51.57	
	392.092360106	143.09	392.092360106	58.98	
	393.092518267	145.25	393.092518267	60.52	
	394.092677732	140.98	394.092677732	43.88	
	395.092835013	144.67	395.092835013	50.92	
	396.092987705	143.15	396.092987705	63.97	
	397.093157922	140.68	397.093157922	45.52	
	398.093323448	143.18	398.093323448	52.27	
	399.093484117	142.86	399.093484117	64.30	
	400.093642625	141.76	400.093642625	49.18	
	401.093813392	140.77	401.093813392	50.06	
	402.093986127	142.91	402.093986127	61.48	
	403.094146917	141.70	403.094146917	48.98	
	404.094304961	141.85	404.094304961	51.86	
	405.094458996	142.81	405.094458996	59.22	
	406.094632484	141.19	406.094632484	56.66	
	407.094797619	142.31	407.094797619	55.50	
	408.094958220	142.11	408.094958220	63.90	
	409.095112417	141.23	409.095112417	49.55	
	410.095273054	142.31	410.095273054	50.59	
	411.095442222	143.35	411.095442222	61.13	
	412.095594063	142.48	412.095594063	50.59	
	413.095761124	141.78	413.095761124	48.98	
	414.095915174	144.73	414.095915174	54.06	
	415.096320145	143.17	415.096320145	46.06	
	416.096448020	142.28	416.096448020	50.94	
	417.096573985	142.82	417.096573985	61.60	
	418.096698076	142.26	418.096698076	50.96	
	419.096823148	141.48	419.096823148	52.90	
	420.096946840	142.96	420.096946840	57.54	
	421.097071194	138.22	421.097071194	48.30	
	422.097202248	124.21	422.097202248	39.24	
	423.097325985	124.12	423.097325985	37.36	
	424.097462379	124.28	424.097462379	39.80	
	425.097637126	137.75	425.097637126	52.98	
	426.097865192	155.76	426.097865192	68.50	
	427.098100510	157.01	427.098100510	68.32	
	428.098317887	157.88	428.098317887	68.42	
	429.098532198	157.97	429.098532198	68.46	
	430.098780983	157.89	430.098780983	68.44	
	431.099002705	158.02	431.099002705	68.51	
	432.099180943	157.92	432.099180943	68.25	
	433.099403586	158.00	433.099403586	68.30	
	434.099621593	158.01	434.099621593	68.48	
	435.099848432	157.86	435.099848432	68.22	
	436.100075709	157.88	436.100075709	68.23	
	437.100288877	157.90	437.100288877	68.46	
	438.100506733	157.98	438.100506733	68.45	
	439.100722986	157.92	439.100722986	68.44	
	440.100923557	157.87	440.100923557	68.48	
	441.101132848	157.72	441.101132848	68.36	
	442.101334910	157.99	442.101334910	68.37	
	443.101555900	158.16	443.101555900	68.10	
	444.101779883	157.83	444.101779883	68.32	
	445.102004799	157.86	445.102004799	68.57	
	446.102320350	157.75	446.102320350	68.28	
	447.102478215	157.80	447.102478215	68.30	
	448.102644543	157.76	448.102644543	68.38	
	449.102866536	157.84	449.102866536	68.48	
	450.103128210	157.72	450.103128210	68.52	
	451.103343922	157.85	451.103343922	68.41	
	452.103574939	157.90	452.103574939	68.36	
	453.103817366	157.81	453.103817366	68.18	
	454.104040666	157.84	454.104040666	68.51	
	455.104277297	157.79	455.104277297	68.32	
	456.104503721	157.88	456.104503721	68.31	
	457.104724744	157.81	457.104724744	68.36	
	458.104965928	157.86	458.104965928	68.52	
	459.105182104	157.83	459.105182104	68.37	
	460.105416307	157.78	460.105416307	68.27	
	461.105650403	157.86	461.105650403	68.41	
	462.105863172	157.93	462.105863172	68.36	
	463.106074271	157.97	463.106074271	68.41	
	464.106290554	157.89	464.106290554	68.42	
	465.106540159	157.78	465.106540159	68.48	
	466.106795729	157.85	466.106795729	68.41	
	467.107054596	157.81	467.107054596	68.39	
	468.107285599	157.86	468.107285599	68.50	
	469.107547973	157.90	469.107547973	68.45	
	470.107768948	157.77	470.107768948	68.38	
	471.107997882	157.86	471.107997882	68.47	
	472.108184650	157.83	472.108184650	68.38	
	473.108409287	157.89	473.108409287	68.25	
	474.108624683	157.88	474.108624683	68.22	
	475.108849805	157.81	475.108849805	68.28	
	476.109087353	157.91	476.109087353	68.32	
	477.109341722	157.92	477.109341722	68.51	
	478.109561219	157.82	478.109561219	68.43	
	479.109780527	157.87	479.109780527	68.52	
	480.110008992	157.90	480.110008992	68.49	
	481.110185731	157.90	481.110185731	68.59	
	482.110407107	157.80	482.110407107	68.35	
	483.110635996	157.85	483.110635996	68.39	
	484.110875157	157.92	484.110875157	68.39	
	485.111239919	157.82	485.111239919	68.42	
	486.111399684	157.83	486.111399684	68.20	
	487.111559944	157.92	487.111559944	68.47	
	488.111785396	157.90	488.111785396	68.42	
	489.112047574	157.84	489.112047574	68.41	
	490.112287900	157.89	490.112287900	68.41	
	491.112517446	157.88	491.112517446	68.47	
	492.112742619	157.81	492.112742619	68.48	
	493.112972442	157.86	493.112972442	68.29	
	494.113187840	157.92	494.113187840	68.32	
	495.113410936	157.92	495.113410936	68.50	
	496.113650958	157.84	496.113650958	68.20	
	497.113872101	157.99	497.113872101	68.36	
	498.114100620	157.83	498.114100620	68.35	
	499.114329662	157.87	499.114329662	68.57	
	500.114551875	157.93	500.114551875	68.53	
	501.114784954	157.86	501.114784954	68.51	
	502.115005851	157.81	502.115005851	68.51	
	503.115177762	158.31	503.115177762	68.37	
	504.115399290	157.99	504.115399290	68.31	
	505.115625754	157.85	505.115625754	68.34	
	506.115858960	157.84	506.115858960	68.39	
	507.116103236	157.88	507.116103236	68.40	
	508.116362744	158.01	508.116362744	68.34	
	509.116601653	157.81	509.116601653	68.46	
	510.116832442	157.84	510.116832442	68.37	
	511.117053930	157.99	511.117053930	68.57	
	512.117264949	157.84	512.117264949	68.24	
	513.117466420	157.79	513.117466420	68.46	
	514.117684535	157.82	514.117684535	68.48	
	515.117984846	157.99	515.117984846	68.48	
	516.118155620	157.85	516.118155620	68.43	
	517.118383611	157.84	517.118383611	68.43	
	518.118605281	157.96	518.118605281	68.38	
	519.118837460	157.81	519.118837460	68.24	
	520.119077285	157.81	520.119077285	68.46	
	521.119306639	157.83	521.119306639	68.41	
	522.119531549	158.02	522.119531549	68.48	
	523.119760394	157.83	523.119760394	68.17	
	524.119970770	157.85	524.119970770	68.45	
	525.120178118	157.92	525.120178118	68.42	
	526.120416560	157.99	526.120416560	68.26	
	527.120652539	157.86	527.120652539	68.40	
	528.120919969	157.97	528.120919969	68.32	
	529.121161457	157.93	529.121161457	68.37	
	530.121364214	157.86	530.121364214	68.37	
	531.121589305	157.87	531.121589305	68.43	
	532.121799892	157.99	532.121799892	68.63	
	533.122038897	157.84	533.122038897	68.33	
	534.122275065	157.84	534.122275065	68.43	
	535.122506933	157.94	535.122506933	68.35	
	536.122751763	157.90	536.122751763	68.17	
	537.122998697	157.86	537.122998697	68.31	
	538.123180867	157.89	538.123180867	68.47	
	539.123402967	157.97	539.123402967	68.44	
	540.123632555	157.81	540.123632555	68.47	
	541.123852834	157.85	541.123852834	68.56	
	542.124070748	157.92	542.124070748	68.31	
	543.124292267	157.91	543.124292267	68.33	
	544.124504531	157.82	544.124504531	68.46	
	545.124756822	157.91	545.124756822	68.54	
	546.124968858	157.92	546.124968858	68.31	
	547.125192480	157.88	547.125192480	68.41	
	548.125407330	157.83	548.125407330	68.35	
	549.125631701	157.98	549.125631701	68.47	
	550.125861406	157.83	550.125861406	68.54	
	551.126106852	157.87	551.126106852	68.43	
	552.126337111	157.84	552.126337111	68.48	
	553.126562950	157.98	553.126562950	68.57	
	554.126798331	157.82	554.126798331	68.57	
	555.127030970	157.79	555.127030970	68.45	
	556.127256384	157.96	556.127256384	68.49	
	557.127480550	157.82	557.127480550	68.41	
	558.127715840	157.85	558.127715840	68.49	
	559.127950991	157.90	559.127950991	68.67	
	560.128162647	157.88	560.128162647	68.43	
	561.128381665	157.81	561.128381665	68.25	
	562.128684279	157.78	562.128684279	68.35	
	563.128842739	158.18	563.128842739	68.54	
	564.129068363	157.97	564.129068363	68.32	
	565.129283665	157.82	565.129283665	68.23	
	566.129502913	157.85	566.129502913	68.34	
	567.129770664	157.89	567.129770664	68.46	
	568.129992092	157.81	568.129992092	68.35	
	569.130162379	157.79	569.130162379	68.40	
	570.130385198	157.88	570.130385198	68.52	
	571.130616550	157.90	571.130616550	68.57	
	572.130845608	157.82	572.130845608	68.26	
	573.131073393	157.90	573.131073393	68.39	
	574.131310164	157.94	574.131310164	68.38	
	575.131524892	157.82	575.131524892	68.36	
	576.131747146	157.88	576.131747146	68.39	
	577.131979515	157.85	577.131979515	68.40	
	578.132182713	157.88	578.132182713	68.50	
	579.132398257	157.85	579.132398257	68.30	
	580.132627279	157.88	580.132627279	68.31	
	581.132863529	157.91	581.132863529	68.45	
	582.133093201	157.98	582.133093201	68.25	
	583.133328770	157.94	583.133328770	68.47	
	584.133556069	157.79	584.133556069	68.36	
	585.133775699	157.90	585.133775699	68.58	
	586.134039030	157.80	586.134039030	68.38	
	587.134268631	157.86	587.134268631	68.49	
	588.134504623	157.93	588.134504623	68.46	
	589.134730990	157.82	589.134730990	68.37	
	590.134970275	157.91	590.134970275	68.27	
	591.135176978	157.85	591.135176978	68.37	
	592.135403743	157.93	592.135403743	68.55	
	593.135620493	157.84	593.135620493	68.38	
	594.135827415	157.86	594.135827415	68.56	
	595.136065337	157.88	595.136065337	68.51	
	596.136293841	157.81	596.136293841	68.54	
	597.136518459	157.90	597.136518459	68.51	
	598.136737446	157.85	598.136737446	68.32	
	599.136968459	157.87	599.136968459	68.50	
	600.137171830	157.88	600.137171830	68.32	
	601.137406687	157.86	601.137406687	68.23	
	602.137645277	157.86	602.137645277	68.62	
	603.137880016	157.82	603.137880016	68.51	
	604.138124261	157.89	604.138124261	68.24	
	605.138337883	157.80	605.138337883	68.28	
	606.138597947	157.89	606.138597947	68.59	
	607.138818761	157.87	607.138818761	68.30	
	608.139019364	157.83	608.139019364	68.25	
	609.139174929	157.79	609.139174929	68.51	
	610.139387493	157.89	610.139387493	68.52	
	611.139601949	157.93	611.139601949	68.61	
	612.139809418	157.84	612.139809418	68.30	
	613.140132843	157.97	613.140132843	68.61	
	614.140283742	157.81	614.140283742	68.37	
	615.140533917	157.86	615.140533917	68.43	
	616.140725968	157.83	616.140725968	68.48	
	617.140899482	157.90	617.140899482	68.35	
	618.141137862	157.82	618.141137862	68.55	
	619.141372692	157.90	619.141372692	68.54	
	620.141611528	157.91	620.141611528	68.53	
	621.141834894	157.85	621.141834894	68.48	
	622.142070364	157.93	622.142070364	68.47	
	623.142305108	157.93	623.142305108	68.32	
	624.142530199	158.30	624.142530199	68.33	
	625.142747429	157.89	625.142747429	68.48	
	626.143010726	157.85	626.143010726	68.47	
	627.143248096	157.92	627.143248096	68.54	
	628.143464996	157.85	628.143464996	68.49	
	629.143681740	157.89	629.143681740	68.32	
	630.143907585	157.92	630.143907585	68.64	
	631.144147716	157.83	631.144147716	68.42	
	632.144385298	157.83	632.144385298	68.54	
	633.144613572	157.91	633.144613572	68.42	
	634.144845262	157.96	634.144845262	68.24	
	635.145060910	157.94	635.145060910	68.16	
	636.145288332	157.86	636.145288332	68.50	
	637.145535586	157.96	637.145535586	68.10	
	638.145756876	157.88	638.145756876	68.57	
	639.145999581	157.90	639.145999581	68.35	
	640.146184906	157.83	640.146184906	68.35	
	641.146410546	157.97	641.146410546	68.29	
	642.146643024	157.87	642.146643024	68.45	
	643.146872052	157.98	643.146872052	68.56	
	644.147114731	157.94	644.147114731	68.44	
	645.147380417	157.87	645.147380417	68.37	
	646.147605109	157.94	646.147605109	68.58	
	647.147839371	157.95	647.147839371	68.43	
	648.148074739	157.90	648.148074739	68.29	
	649.148312082	157.87	649.148312082	68.36	
	650.148534170	157.94	650.148534170	68.33	
	651.148758475	157.95	651.148758475	68.45	
	652.149009311	157.89	652.149009311	68.41	
	653.149182944	157.99	653.149182944	68.23	
	654.149409691	157.97	654.149409691	68.50	
	655.149654516	157.88	655.149654516	68.38	
	656.149882716	157.93	656.149882716	68.63	
	657.150122292	157.91	657.150122292	68.55	
	658.150345937	157.98	658.150345937	68.46	
	659.150564130	157.94	659.150564130	68.43	
	660.150790129	157.89	660.150790129	68.51	
	661.151036160	157.97	661.151036160	68.60	
	662.151276386	157.89	662.151276386	68.49	
	663.151510687	158.00	663.151510687	68.46	
	664.151766667	158.03	664.151766667	68.47	
	665.152011066	157.53	665.152011066	68.62	
	666.152188581	156.61	666.152188581	68.51	
	667.152573004	156.60	667.152573004	68.49	
	668.152733866	156.51	668.152733866	68.49	
	669.152929483	156.60	669.152929483	68.45	
	670.153146208	156.51	670.153146208	68.64	
	671.153373850	156.60	671.153373850	68.47	
	672.153569075	157.19	672.153569075	68.24	
	673.153793791	158.05	673.153793791	68.49	
	674.154041424	157.97	674.154041424	68.29	
	675.154272497	158.06	675.154272497	68.44	
	676.154517333	158.06	676.154517333	68.48	
	677.154757658	158.01	677.154757658	68.37	
	678.154989634	158.05	678.154989634	68.08	
	679.155183262	158.04	679.155183262	68.32	
	680.155401681	157.94	680.155401681	68.11	
	681.155630356	157.96	681.155630356	68.23	
	682.155857471	158.05	682.155857471	68.56	
	683.156068550	158.06	683.156068550	68.48	
	684.156302367	158.45	684.156302367	68.38	
	685.156506918	158.10	685.156506918	68.41	
	686.156708192	158.03	686.156708192	68.48	
	687.156951357	158.04	687.156951357	68.42	
	688.157188419	157.99	688.157188419	68.47	
	689.157422549	158.06	689.157422549	68.22	
	690.157657873	158.05	690.157657873	68.37	
	691.157904416	158.02	691.157904416	68.34	
	692.158140606	158.07	692.158140606	68.46	
	693.158360283	158.01	693.158360283	68.35	
	694.158584625	158.10	694.158584625	68.54	
	695.158815538	158.02	695.158815538	68.36	
	696.159047777	158.10	696.159047777	68.21	
	697.159282988	158.09	697.159282988	68.30	
	698.159509078	157.99	698.159509078	68.28	
	699.159729490	158.09	699.159729490	68.18	
	700.159946075	158.06	700.159946075	68.30	
	701.160155722	158.02	701.160155722	68.27	
	702.160388476	158.24	702.160388476	68.38	
	703.160712210	158.12	703.160712210	68.40	
	704.160897027	158.08	704.160897027	68.42	
	705.161128165	157.99	705.161128165	68.16	
	706.161334174	158.15	706.161334174	68.36	
	707.161559693	157.94	707.161559693	68.14	
	708.161793898	158.07	708.161793898	68.33	
	709.162005813	158.12	709.162005813	68.30	
	710.162185582	158.02	710.162185582	68.29	
	711.162405269	158.07	711.162405269	68.28	
	712.162634014	157.99	712.162634014	68.24	
	713.162855497	158.01	713.162855497	68.37	
	714.163083287	158.10	714.163083287	68.45	
	715.163325318	157.95	715.163325318	68.29	
	716.163539231	158.05	716.163539231	68.27	
	717.163779881	157.93	717.163779881	68.16	
	718.164012889	158.04	718.164012889	68.30	
	719.164255771	157.92	719.164255771	68.18	
	720.164488940	158.00	720.164488940	68.17	
	721.164721865	158.01	721.164721865	68.08	
	722.164951820	157.97	722.164951820	68.18	
	723.165188360	157.91	723.165188360	68.04	
	724.165423662	157.99	724.165423662	68.14	
	725.165650136	157.95	725.165650136	68.08	
	726.165894180	157.94	726.165894180	67.94	
	727.166148751	158.07	727.166148751	67.91	
	728.166371595	157.97	728.166371595	67.97	
	729.166585789	157.93	729.166585789	68.08	
	730.166811765	158.02	730.166811765	68.06	
	731.167032415	158.00	731.167032415	68.08	
	732.167279126	157.95	732.167279126	67.94	
	733.167518463	158.04	733.167518463	67.96	
	734.167748057	157.92	734.167748057	67.87	
	735.167981724	157.98	735.167981724	67.99	
	736.168176371	157.31	736.168176371	67.73	
	737.168410979	157.35	737.168410979	68.10	
	738.168641987	157.98	738.168641987	68.01	
	739.168871370	157.91	739.168871370	67.78	
	740.169085846	157.96	740.169085846	68.02	
	741.169302010	158.12	741.169302010	67.99	
	742.169530664	158.14	742.169530664	67.76	
	743.169768834	158.01	743.169768834	67.92	
	744.169994246	158.07	744.169994246	67.81	
	745.170185318	158.60	745.170185318	67.90	
	746.170414715	158.03	746.170414715	67.86	
	747.170648463	158.10	747.170648463	67.95	
	748.170864334	158.17	748.170864334	67.78	
	749.171078490	158.04	749.171078490	67.95	
	750.171315338	158.07	750.171315338	67.66	
	751.171555576	158.15	751.171555576	67.78	
	752.171795107	157.77	752.171795107	67.63	
	753.172039224	157.65	753.172039224	67.86	
	754.172282849	157.69	754.172282849	67.78	
	755.172510305	157.71	755.172510305	67.67	
	756.172738018	157.61	756.172738018	67.77	
	757.172943847	157.77	757.172943847	67.84	
	758.173157405	158.02	758.173157405	67.74	
	759.173400939	158.16	759.173400939	67.93	
	760.173576710	158.07	760.173576710	67.65	
	761.173802611	158.18	761.173802611	67.85	
	762.174061999	158.15	762.174061999	67.66	
	763.174299695	158.05	763.174299695	67.80	
	764.174540357	158.06	764.174540357	67.67	
	765.174755682	158.23	765.174755682	67.84	
	766.174996150	158.08	766.174996150	67.73	
	767.175193250	158.12	767.175193250	67.58	
	768.175402038	158.14	768.175402038	67.77	
	769.175627442	158.16	769.175627442	67.75	
	770.175986495	158.09	770.175986495	67.70	
	771.176154441	158.15	771.176154441	67.78	
	772.176364863	158.10	772.176364863	67.66	
	773.176587961	158.03	773.176587961	67.78	
	774.176836166	158.13	774.176836166	67.68	
	775.177085488	158.05	775.177085488	67.73	
	776.177317660	158.17	776.177317660	67.61	
	777.177562627	158.09	777.177562627	67.55	
	778.177791811	158.02	778.177791811	67.74	
	779.178017616	157.95	779.178017616	67.75	
	780.178261068	157.90	780.178261068	67.73	
	781.178527152	157.82	781.178527152	67.71	
	782.178763225	157.09	782.178763225	67.77	
	783.179038485	157.95	783.179038485	67.75	
	784.179273184	158.09	784.179273184	67.70	
	785.179507903	158.00	785.179507903	67.66	
	786.179745302	158.10	786.179745302	67.57	
	787.179981210	157.99	787.179981210	67.67	
	788.180191789	157.99	788.180191789	67.65	
	789.180421225	158.03	789.180421225	67.73	
	790.180651507	157.94	790.180651507	67.67	
	791.180871563	158.06	791.180871563	67.56	
	792.181083978	158.03	792.181083978	67.66	
	793.181318765	157.96	793.181318765	67.56	
	794.181550513	157.93	794.181550513	67.57	
	795.181784367	158.00	795.181784367	67.72	
	796.182014076	158.00	796.182014076	67.53	
	797.182249187	157.90	797.182249187	67.48	
	798.182471784	157.93	798.182471784	67.68	
	799.182704115	158.15	799.182704115	67.60	
	800.182928074	157.89	800.182928074	67.69	
	801.183164935	157.92	801.183164935	67.63	
	802.183406258	158.06	802.183406258	67.53	
	803.183655086	158.02	803.183655086	67.74	
	804.183889198	157.96	804.183889198	67.70	
	805.184140497	158.50	805.184140497	67.77	
	806.184362972	158.01	806.184362972	67.63	
	807.184584451	158.01	807.184584451	67.66	
	808.184817418	158.03	808.184817418	67.75	
	809.185049908	158.03	809.185049908	67.76	
	810.185269654	157.89	810.185269654	67.53	
	811.185498298	157.90	811.185498298	67.68	
	812.185741801	158.01	812.185741801	67.59	
	813.185965754	157.97	813.185965754	67.70	
	814.186176628	157.92	814.186176628	67.53	
	815.186405695	158.02	815.186405695	67.74	
	816.186620789	158.06	816.186620789	67.58	
	817.186856310	157.96	817.186856310	67.56	
	818.187092776	157.94	818.187092776	67.57	
	819.187330875	158.07	819.187330875	67.55	
	820.187577472	157.95	820.187577472	67.63	
	821.187839273	158.06	821.187839273	67.48	
	822.188080437	158.06	822.188080437	67.52	
	823.188309362	157.95	823.188309362	67.72	
	824.188544315	157.94	824.188544315	67.73	
	825.188773546	157.98	825.188773546	67.65	
	826.189011193	158.01	826.189011193	67.71	
	827.189247526	157.92	827.189247526	67.64	
	828.189486404	157.96	828.189486404	67.68	
	829.189715176	158.11	829.189715176	67.77	
	830.190098027	158.10	830.190098027	67.75	
	831.190310554	157.97	831.190310554	67.55	
	832.190478259	158.02	832.190478259	67.63	
	833.190667690	158.00	833.190667690	67.56	
	834.190896855	157.95	834.190896855	67.62	
	835.191145955	157.99	835.191145955	67.67	
	836.191366093	158.13	836.191366093	67.60	
	837.191594621	157.99	837.191594621	67.58	
	838.191827887	157.98	838.191827887	67.59	
	839.192070419	158.07	839.192070419	67.49	
	840.192325801	158.08	840.192325801	67.58	
	841.192541078	158.00	841.192541078	67.81	
	842.192766592	158.09	842.192766592	67.46	
	843.193005191	158.07	843.193005191	67.53	
	844.193301150	157.99	844.193301150	67.66	
	845.193461855	157.96	845.193461855	67.35	
	846.193644600	158.09	846.193644600	67.59	
	847.193851336	158.03	847.193851336	67.80	
	848.194083832	157.99	848.194083832	67.51	
	849.194287695	158.09	849.194287695	67.66	
	850.194518657	157.95	850.194518657	67.54	
	851.194748639	158.11	851.194748639	67.84	
	852.194986364	158.03	852.194986364	67.60	
	853.195179602	158.10	853.195179602	67.90	
	854.195405996	158.11	854.195405996	67.80	
	855.195615664	158.06	855.195615664	67.74	
	856.195851178	158.13	856.195851178	67.71	
	857.196131248	158.08	857.196131248	67.81	
	858.196292484	157.98	858.196292484	67.70	
	859.196561890	158.02	859.196561890	67.67	
	860.196779415	158.13	860.196779415	67.84	
	861.196978425	158.14	861.196978425	67.74	
	862.197185415	158.08	862.197185415	67.87	
	863.197418469	158.19	863.197418469	67.67	
	864.197653202	158.09	864.197653202	67.62	
	865.197896719	158.17	865.197896719	67.85	
	866.198136072	158.51	866.198136072	67.58	
	867.198365159	158.02	867.198365159	67.41	
	868.198610414	158.08	868.198610414	67.82	
	869.198828735	158.04	869.198828735	67.78	
	870.199070844	158.09	870.199070844	67.86	
	871.199307725	158.11	871.199307725	67.74	
	872.199526236	157.99	872.199526236	67.77	
	873.199754084	158.12	873.199754084	67.77	
	874.199980931	158.05	874.199980931	67.71	
	875.200185156	158.13	875.200185156	67.71	
	876.200403889	158.03	876.200403889	67.71	
	877.200652868	158.15	877.200652868	67.67	
	878.200896777	158.13	878.200896777	67.64	
	879.201155010	158.05	879.201155010	67.68	
	880.201391661	158.12	880.201391661	67.76	
	881.201613756	158.11	881.201613756	67.97	
	882.201825414	158.02	882.201825414	67.79	
	883.202067986	158.04	883.202067986	67.78	
	884.202313265	158.17	884.202313265	67.96	
	885.202541943	158.11	885.202541943	67.97	
	886.202777895	157.99	886.202777895	67.72	
	887.203001240	158.10	887.203001240	67.80	
	888.203190797	158.10	888.203190797	67.87	
	889.203435113	157.99	889.203435113	67.74	
	890.203655915	157.96	890.203655915	67.79	
	891.203891735	158.08	891.203891735	67.83	
	892.204130683	158.06	892.204130683	67.80	
	893.204346047	158.01	893.204346047	67.83	
	894.204586400	158.07	894.204586400	67.98	
	895.204819994	158.05	895.204819994	67.88	
	896.205050371	158.00	896.205050371	67.66	
	897.205274684	157.97	897.205274684	67.93	
	898.205481000	158.13	898.205481000	67.94	
	899.205736605	158.01	899.205736605	67.79	
	900.205981535	157.98	900.205981535	68.03	
	901.206180201	158.09	901.206180201	68.03	
	902.206409612	158.05	902.206409612	67.93	
	903.206640934	157.98	903.206640934	67.88	
	904.206883303	158.07	904.206883303	67.85	
	905.207114625	158.05	905.207114625	67.68	
	906.207358248	157.97	906.207358248	67.86	
	907.207600184	158.04	907.207600184	68.01	
	908.207835341	158.05	908.207835341	68.03	
	909.208074540	157.99	909.208074540	67.95	
	910.208304691	157.98	910.208304691	67.94	
	911.208531490	158.08	911.208531490	67.94	
	912.208772429	158.02	912.208772429	67.78	
	913.209004684	157.98	913.209004684	67.90	
	914.209185910	158.07	914.209185910	68.01	
	915.209399931	158.02	915.209399931	68.03	
	916.209636014	157.95	916.209636014	67.86	
	917.209850893	158.05	917.209850893	68.23	
	918.210123800	157.94	918.210123800	68.02	
	919.210350945	157.97	919.210350945	68.13	
	920.210587620	157.21	920.210587620	68.08	
	921.210819242	157.29	921.210819242	68.05	
	922.211055301	157.25	922.211055301	67.88	
	923.211298903	157.90	923.211298903	68.01	
	924.211525090	157.99	924.211525090	67.89	
	925.211761817	157.88	925.211761817	68.14	
	926.212008822	158.48	926.212008822	68.06	
	927.212256961	157.94	927.212256961	68.07	
	928.212476252	158.00	928.212476252	68.03	
	929.212690357	158.01	929.212690357	67.96	
	930.212919019	157.96	930.212919019	67.91	
	931.213148001	158.01	931.213148001	68.01	
	932.213387743	158.02	932.213387743	68.13	
	933.213646611	157.88	933.213646611	67.95	
	934.213854634	157.87	934.213854634	68.08	
	935.214101190	158.07	935.214101190	68.16	
	936.214346908	157.92	936.214346908	68.10	
	937.214573287	157.93	937.214573287	68.06	
	938.214837419	158.01	938.214837419	67.87	
	939.215069427	157.61	939.215069427	68.01	
	940.215293343	157.97	940.215293343	68.08	
	941.215511161	158.13	941.215511161	68.05	
	942.215749792	158.04	942.215749792	68.18	
	943.215999243	157.87	943.215999243	68.15	
	944.216174214	157.90	944.216174214	68.16	
	945.216392138	157.92	945.216392138	68.16	
	946.216619740	157.95	946.216619740	68.20	
	947.216852849	157.83	947.216852849	68.16	
	948.217089974	157.52	948.217089974	68.22	
	949.217320109	156.51	949.217320109	68.29	
	950.217541977	156.41	950.217541977	68.00	
	951.217784920	156.16	951.217784920	68.32	
	952.218030544	156.57	952.218030544	68.16	
	953.218272851	156.40	953.218272851	68.03	
	954.218512949	156.41	954.218512949	68.08	
	955.218747307	156.44	955.218747307	68.03	
	956.218985253	157.84	956.218985253	68.07	
	957.219248080	157.90	957.219248080	68.17	
	958.219490261	157.89	958.219490261	68.33	
	959.219713226	158.03	959.219713226	68.28	
	960.219945381	157.89	960.219945381	68.32	
	961.220178656	157.88	961.220178656	68.08	
	962.220405042	157.93	962.220405042	68.27	
	963.220653050	157.96	963.220653050	68.21	
	964.221177893	157.86	964.221177893	68.25	
	965.221339367	157.86	965.221339367	68.41	
	966.221506415	157.80	966.221506415	68.05	
	967.221667705	157.85	967.221667705	68.11	
	968.221841613	157.84	968.221841613	68.15	
	969.222082907	157.98	969.222082907	68.41	
	970.222319089	157.84	970.222319089	68.13	
	971.222561854	157.80	971.222561854	68.18	
	972.222790915	158.04	972.222790915	68.38	
	973.223039829	157.87	973.223039829	68.36	
	974.223277908	157.86	974.223277908	68.22	
	975.223494284	157.94	975.223494284	68.41	
	976.223730409	157.94	976.223730409	68.39	
	977.224005591	157.85	977.224005591	68.08	
	978.224238570	157.87	978.224238570	68.26	
	979.224456336	158.00	979.224456336	68.16	
	980.224695147	157.84	980.224695147	68.29	
	981.224937285	157.80	981.224937285	68.32	
	982.225177059	157.98	982.225177059	68.33	
	983.225408426	157.82	983.225408426	68.28	
	984.225636909	157.81	984.225636909	68.08	
	985.225863894	157.83	985.225863894	68.19	
	986.226091045	158.26	986.226091045	68.06	
	987.226307990	157.96	987.226307990	68.24	
	988.226532334	157.80	988.226532334	68.39	
	989.226772773	157.98	989.226772773	68.43	
	990.227008543	157.83	990.227008543	68.18	
	991.227242905	157.79	991.227242905	68.41	
	992.227461820	157.86	992.227461820	68.45	
	993.227699470	157.91	993.227699470	68.43	
	994.227945080	157.81	994.227945080	68.54	
	995.228176076	157.81	995.228176076	68.39	
	996.228417747	157.87	996.228417747	68.29	
	997.228647386	157.79	997.228647386	68.23	
	998.228883506	157.81	998.228883506	68.49	
	999.229126199	157.96	999.229126199	68.52	
	1000.229360970	157.78	1000.229360970	68.15	
	1001.229603315	157.81	1001.229603315	68.23	
	1002.229849691	157.93	1002.229849691	68.28	
	1003.230098075	157.79	1003.230098075	68.26	
	1004.230312006	157.77	1004.230312006	68.27	
	1005.230538494	157.78	1005.230538494	68.37	
	1006.230765894	157.94	1006.230765894	68.39	
	1007.230997933	157.74	1007.230997933	68.46	
	1008.231192846	157.75	1008.231192846	68.34	
	1009.231428506	157.88	1009.231428506	68.54	
	1010.231669867	157.74	1010.231669867	68.50	
	1011.231909918	157.70	1011.231909918	68.32	
	1012.232148654	157.83	1012.232148654	68.33	
	1013.232379634	157.82	1013.232379634	68.39	
	1014.232598069	157.70	1014.232598069	68.20	
	1015.232811800	157.73	1015.232811800	68.42	
	1016.233064451	157.89	1016.233064451	68.65	
	1017.233285295	157.74	1017.233285295	68.44	
	1018.233489563	157.71	1018.233489563	68.35	
	1019.233725157	157.83	1019.233725157	68.33	
	1020.233948116	157.81	1020.233948116	68.34	
	1021.234187509	156.63	1021.234187509	68.55	
	1022.234423152	156.71	1022.234423152	68.28	
	1023.234664750	157.90	1023.234664750	68.51	
	1024.234913227	157.72	1024.234913227	68.39	
	1025.235164404	157.72	1025.235164404	68.36	
	1026.235392299	157.88	1026.235392299	68.31	
	1027.235622976	157.68	1027.235622976	68.48	
	1028.235869138	157.70	1028.235869138	68.39	
	1029.236114608	157.79	1029.236114608	68.42	
	1030.236356090	157.80	1030.236356090	68.26	
	1031.236592964	157.72	1031.236592964	68.34	
	1032.236819867	157.68	1032.236819867	68.22	
	1033.237053334	157.85	1033.237053334	68.48	
	1034.237291442	157.65	1034.237291442	68.07	
	1035.237548684	157.66	1035.237548684	68.42	
	1036.237780051	157.74	1036.237780051	68.56	
	1037.238005193	157.72	1037.238005193	68.35	
	1038.238251544	157.66	1038.238251544	68.36	
	1039.238473557	157.66	1039.238473557	68.38	
	1040.238705908	157.79	1040.238705908	68.53	
	1041.238943944	157.67	1041.238943944	68.65	
	1042.239159495	157.66	1042.239159495	68.42	
	1043.239390288	157.78	1043.239390288	68.38	
	1044.239619860	157.66	1044.239619860	68.30	
	1045.239867612	157.63	1045.239867612	68.19	
	1046.240090966	157.75	1046.240090966	68.37	
	1047.240302770	158.21	1047.240302770	68.36	
	1048.240526848	157.64	1048.240526848	68.38	
	1049.240755170	157.62	1049.240755170	68.45	
	1050.240997917	157.83	1050.240997917	68.46	
	1051.241186260	157.67	1051.241186260	68.33	
	1052.241434226	157.64	1052.241434226	68.45	
	1053.241670060	157.65	1053.241670060	68.44	
	1054.241966640	157.80	1054.241966640	68.54	
	1055.242178168	157.60	1055.242178168	68.47	
	1056.242415238	157.59	1056.242415238	68.28	
	1057.242648120	157.69	1057.242648120	68.50	
	1058.242864839	157.50	1058.242864839	68.53	
	1059.243113235	157.58	1059.243113235	68.32	
	1060.243347500	157.74	1060.243347500	68.33	
	1061.243564447	157.74	1061.243564447	68.50	
	1062.243805485	157.56	1062.243805485	68.48	
	1063.244017281	157.66	1063.244017281	68.41	
	1064.244256980	157.71	1064.244256980	68.58	
	1065.244489551	157.60	1065.244489551	68.30	
	1066.244727166	157.63	1066.244727166	68.18	
	1067.244971326	157.79	1067.244971326	68.24	
	1068.245186368	157.60	1068.245186368	68.50	
	1069.245417350	157.59	1069.245417350	68.17	
	1070.245654064	157.75	1070.245654064	68.51	
	1071.245883846	157.62	1071.245883846	68.42	
	1072.246135904	157.61	1072.246135904	68.31	
	1073.246379920	157.67	1073.246379920	68.45	
	1074.246635066	157.65	1074.246635066	68.31	
	1075.246863040	157.57	1075.246863040	68.36	
	1076.247107213	157.56	1076.247107213	68.50	
	1077.247330617	157.77	1077.247330617	68.41	
	1078.247557185	157.53	1078.247557185	68.34	
	1079.247789307	157.52	1079.247789307	68.48	
	1080.248033718	157.70	1080.248033718	68.40	
	1081.248273417	157.56	1081.248273417	68.47	
	1082.248502351	157.58	1082.248502351	68.26	
	1083.248742743	157.58	1083.248742743	68.50	
	1084.248977577	157.71	1084.248977577	68.63	
	1085.249186636	157.49	1085.249186636	68.65	
	1086.249401313	157.53	1086.249401313	68.37	
	1087.249635480	157.71	1087.249635480	68.48	
	1088.249872072	157.54	1088.249872072	68.52	
	1089.250135167	157.45	1089.250135167	68.32	
	1090.250370335	157.71	1090.250370335	68.48	
	1091.250608943	157.49	1091.250608943	68.52	
	1092.250850367	157.52	1092.250850367	68.39	
	1093.251082985	157.55	1093.251082985	68.38	
	1094.251323607	157.68	1094.251323607	68.37	
	1095.251558973	157.52	1095.251558973	68.46	
	1096.251803027	157.52	1096.251803027	68.39	
	1097.252047603	157.66	1097.252047603	68.47	
	1098.252294634	157.52	1098.252294634	68.56	
	1099.252540210	157.47	1099.252540210	68.50	
	1100.252784656	157.54	1100.252784656	68.67	
	1101.253027972	157.55	1101.253027972	68.64	
	1102.253284282	157.50	1102.253284282	68.59	
	1103.253513033	157.56	1103.253513033	68.47	
	1104.253744718	157.54	1104.253744718	68.29	
	1105.253956688	157.45	1105.253956688	68.30	
	1106.254184457	157.51	1106.254184457	68.31	
	1107.254416515	157.99	1107.254416515	68.29	
	1108.254634718	157.56	1108.254634718	68.39	
	1109.254865105	157.53	1109.254865105	68.49	
	1110.255096325	157.55	1110.255096325	68.57	
	1111.255321929	157.55	1111.255321929	68.37	
	1112.255545465	157.47	1112.255545465	68.36	
	1113.255801687	157.47	1113.255801687	68.31	
	1114.256033099	157.63	1114.256033099	68.47	
	1115.256261792	157.52	1115.256261792	68.50	
	1116.256494797	157.46	1116.256494797	68.36	
	1117.256723995	157.47	1117.256723995	68.52	
	1118.256945901	157.62	1118.256945901	68.48	
	1119.257145705	157.43	1119.257145705	68.41	
	1120.257374410	157.42	1120.257374410	68.53	
	1121.257735072	157.64	1121.257735072	68.61	
	1122.257900065	157.46	1122.257900065	68.58	
	1123.258089690	157.47	1123.258089690	68.53	
	1124.258362321	157.70	1124.258362321	68.57	
	1125.258705472	157.48	1125.258705472	68.57	
	1126.258874457	157.47	1126.258874457	68.57	
	1127.259068845	157.48	1127.259068845	68.46	
	1128.259292600	157.65	1128.259292600	68.31	
	1129.259533282	157.47	1129.259533282	68.30	
	1130.259750947	157.46	1130.259750947	68.28	
	1131.259989995	157.63	1131.259989995	68.41	
	1132.260193335	157.44	1132.260193335	68.25	
	1133.260436049	157.47	1133.260436049	68.29	
	1134.260668862	157.47	1134.260668862	68.37	
	1135.260879943	157.66	1135.260879943	68.42	
	1136.261093409	157.48	1136.261093409	68.41	
	1137.261330130	157.46	1137.261330130	68.40	
	1138.261571909	157.59	1138.261571909	68.56	
	1139.261799283	157.42	1139.261799283	68.40	
	1140.262033959	157.48	1140.262033959	68.45	
	1141.262269535	157.61	1141.262269535	68.35	
	1142.262496964	157.43	1142.262496964	68.29	
	1143.262733474	157.43	1143.262733474	68.46	
	1144.262965625	157.43	1144.262965625	68.28	
	1145.263178076	157.64	1145.263178076	68.26	
	1146.263393715	157.45	1146.263393715	68.37	
	1147.263602299	157.47	1147.263602299	68.25	
	1148.263829290	157.49	1148.263829290	68.46	
	1149.264053546	157.57	1149.264053546	68.49	
	1150.264278138	157.43	1150.264278138	68.60	
	1151.264478323	157.52	1151.264478323	68.60	
	1152.264747538	157.57	1152.264747538	68.43	
	1153.264981183	157.48	1153.264981183	68.29	
	1154.265189594	157.49	1154.265189594	68.26	
	1155.265420610	157.67	1155.265420610	68.20	
	1156.265657630	157.48	1156.265657630	68.16	
	1157.265882542	157.48	1157.265882542	68.43	
	1158.266103653	157.54	1158.266103653	68.46	
	1159.266335239	157.54	1159.266335239	68.53	
	1160.266561511	157.48	1160.266561511	68.46	
	1161.266784689	157.49	1161.266784689	68.35	
	1162.267010128	157.53	1162.267010128	68.43	
	1163.267221766	157.64	1163.267221766	68.53	
	1164.267389897	157.47	1164.267389897	68.38	
	1165.267615676	157.47	1165.267615676	68.21	
	1166.267837387	157.60	1166.267837387	68.30	
	1167.268069794	157.58	1167.268069794	68.36	
	1168.268297605	157.80	1168.268297605	68.33	
	1169.268530465	157.59	1169.268530465	68.58	
	1170.268759875	157.61	1170.268759875	68.50	
	1171.268998954	157.48	1171.268998954	68.55	
	1172.269250008	157.58	1172.269250008	68.39	
	1173.269488053	157.60	1173.269488053	68.45	
	1174.269721435	157.53	1174.269721435	68.41	
	1175.269941869	157.51	1175.269941869	68.44	
	1176.270170216	157.60	1176.270170216	68.40	
	1177.270396635	157.57	1177.270396635	68.60	
	1178.270624894	157.49	1178.270624894	68.31	
	1179.270850067	157.59	1179.270850067	68.52	
	1180.271082199	157.60	1180.271082199	68.37	
	1181.271313076	157.68	1181.271313076	68.60	
	1182.271557822	157.58	1182.271557822	68.28	
	1183.271799354	157.58	1183.271799354	68.32	
	1184.272037277	157.66	1184.272037277	68.48	
	1185.272278135	157.54	1185.272278135	68.54	
	1186.272514038	157.60	1186.272514038	68.50	
	1187.272728446	157.60	1187.272728446	68.51	
	1188.272940507	157.52	1188.272940507	68.51	
	1189.273174066	157.63	1189.273174066	68.41	
	1190.273405381	157.63	1190.273405381	68.42	
	1191.273662542	157.57	1191.273662542	68.35	
	1192.273887515	157.59	1192.273887515	68.15	
	1193.274112883	157.75	1193.274112883	68.36	
	1194.274324128	157.56	1194.274324128	68.39	
	1195.274548764	157.62	1195.274548764	68.34	
	1196.274788106	157.69	1196.274788106	68.56	
	1197.275032994	157.71	1197.275032994	68.42	
	1198.275266725	157.61	1198.275266725	68.42	
	1199.275501364	157.62	1199.275501364	68.53	
	1200.275721220	157.69	1200.275721220	68.50	
	1201.275949820	157.77	1201.275949820	68.57	
	1202.276293971	157.66	1202.276293971	68.48	
	1203.276460304	157.70	1203.276460304	68.35	
	1204.276642572	157.69	1204.276642572	68.60	
	1205.276872639	157.60	1205.276872639	68.39	
	1206.277102689	157.67	1206.277102689	68.32	
	1207.277327601	157.74	1207.277327601	68.36	
	1208.277561556	157.74	1208.277561556	68.46	
	1209.277801921	157.68	1209.277801921	68.39	
	1210.278021918	157.70	1210.278021918	68.36	
	1211.278265585	157.79	1211.278265585	68.61	
	1212.278488602	157.66	1212.278488602	68.47	
	1213.278729065	157.74	1213.278729065	68.40	
	1214.278972018	157.66	1214.278972018	68.38	
	1215.279186833	157.78	1215.279186833	68.47	
	1216.279413010	157.67	1216.279413010	68.35	
	1217.279629201	157.77	1217.279629201	68.39	
	1218.279854006	157.83	1218.279854006	68.61	
	1219.280081119	157.77	1219.280081119	68.43	
	1220.280313081	157.80	1220.280313081	68.51	
	1221.280527589	157.82	1221.280527589	68.54	
	1222.280748394	157.72	1222.280748394	68.35	
	1223.280987330	157.69	1223.280987330	68.38	
	1224.281189412	157.80	1224.281189412	68.54	
	1225.281423758	157.80	1225.281423758	68.18	
	1226.281662267	157.71	1226.281662267	68.35	
	1227.281900578	157.81	1227.281900578	68.42	
	1228.282135644	158.13	1228.282135644	68.48	
	1229.282352020	157.74	1229.282352020	68.30	
	1230.282596648	157.76	1230.282596648	68.33	
	1231.282946940	157.88	1231.282946940	68.21	
	1232.283152371	157.85	1232.283152371	68.49	
	1233.283313596	157.85	1233.283313596	68.28	
	1234.283541044	157.89	1234.283541044	68.35	
	1235.283791488	156.64	1235.283791488	68.50	
	1236.284026789	156.39	1236.284026789	68.42	
	1237.284270287	156.46	1237.284270287	68.47	
	1238.284498930	157.20	1238.284498930	68.39	
	1239.284725548	157.80	1239.284725548	68.29	
	1240.284954047	157.81	1240.284954047	68.21	
	1241.285185653	157.89	1241.285185653	68.34	
	1242.285408491	157.85	1242.285408491	68.42	
	1243.285630523	157.78	1243.285630523	68.38	
	1244.285855035	157.87	1244.285855035	68.36	
	1245.286086583	157.81	1245.286086583	68.31	
	1246.286328651	157.94	1246.286328651	68.37	
	1247.286574093	157.88	1247.286574093	68.43	
	1248.286810586	157.92	1248.286810586	68.47	
	1249.287053481	157.96	1249.287053481	68.21	
	1250.287330508	157.85	1250.287330508	68.52	
	1251.287564624	157.95	1251.287564624	68.34	
	1252.287820532	157.93	1252.287820532	68.48	
	1253.288061848	157.84	1253.288061848	68.54	
	1254.288292671	157.95	1254.288292671	68.60	
	1255.288529866	157.99	1255.288529866	68.54	
	1256.288762649	157.89	1256.288762649	68.33	
	1257.289005527	157.92	1257.289005527	68.53	
	1258.289190161	157.94	1258.289190161	68.46	
	1259.289425555	158.00	1259.289425555	68.45	
	1260.289661566	157.89	1260.289661566	68.32	
	1261.289895673	157.98	1261.289895673	68.50	
	1262.290135290	157.99	1262.290135290	68.25	
	1263.290353998	157.85	1263.290353998	68.68	
	1264.290585551	157.95	1264.290585551	68.49	
	1265.290825461	157.95	1265.290825461	68.42	
	1266.291044548	157.80	1266.291044548	68.46	
	1267.291282174	157.79	1267.291282174	68.15	
	1268.291505916	157.97	1268.291505916	68.36	
	1269.291805541	157.93	1269.291805541	68.55	
	1270.292033189	157.86	1270.292033189	68.37	
	1271.292268881	157.95	1271.292268881	68.24	
	1272.292502301	157.97	1272.292502301	68.46	
	1273.292734171	157.85	1273.292734171	68.47	
	1274.292964063	157.88	1274.292964063	68.65	
	1275.293187448	157.87	1275.293187448	68.27	
	1276.293428670	157.94	1276.293428670	68.58	
	1277.293665351	157.92	1277.293665351	68.50	
	1278.293901574	157.82	1278.293901574	68.17	
	1279.294112549	157.95	1279.294112549	68.29	
	1280.294353437	157.78	1280.294353437	68.48	
	1281.294582593	157.88	1281.294582593	68.45	
	1282.294829599	157.87	1282.294829599	68.50	
	1283.295068075	157.81	1283.295068075	68.57	
	1284.295316017	157.85	1284.295316017	68.48	
	1285.295546151	157.87	1285.295546151	68.55	
	1286.295784230	157.78	1286.295784230	68.53	
	1287.296022311	157.82	1287.296022311	68.40	
	1288.296261834	158.03	1288.296261834	68.33	
	1289.296517849	158.02	1289.296517849	68.54	
	1290.296730223	157.81	1290.296730223	68.45	
	1291.296951611	157.86	1291.296951611	68.39	
	1292.297184388	157.90	1292.297184388	68.39	
	1293.297414555	157.79	1293.297414555	68.33	
	1294.297645245	157.89	1294.297645245	68.36	
	1295.297870373	157.87	1295.297870373	68.36	
	1296.298112679	157.80	1296.298112679	68.45	
	1297.299150501	158.04	1297.299150501	68.47	
	1298.299317507	157.78	1298.299317507	68.31	
	1299.299486969	157.90	1299.299486969	68.50	
	1300.299649840	157.92	1300.299649840	68.39	
	1301.299813639	157.85	1301.299813639	68.43	
	1302.299983857	158.09	1302.299983857	68.47	
	1303.300152572	157.81	1303.300152572	68.37	
	1304.300312868	157.90	1304.300312868	68.42	
	1305.300476238	157.85	1305.300476238	68.29	
	1306.300647924	157.88	1306.300647924	68.54	
	1307.300845923	157.97	1307.300845923	68.42	
	1308.301091020	157.85	1308.301091020	68.63	
	1309.301316429	157.94	1309.301316429	68.27	
	1310.301543715	157.94	1310.301543715	68.33	
	1311.301790362	157.86	1311.301790362	68.27	
	1312.302033734	157.94	1312.302033734	68.45	
	1313.302272921	157.85	1313.302272921	68.41	
	1314.302499240	157.94	1314.302499240	68.44	
	1315.302789177	157.91	1315.302789177	68.30	
	1316.302984801	157.86	1316.302984801	68.07	
	1317.303182358	157.90	1317.303182358	68.26	
	1318.303412353	157.81	1318.303412353	68.41	
	1319.303635036	157.92	1319.303635036	68.43	
	1320.303864829	157.84	1320.303864829	68.14	
	1321.304102143	157.92	1321.304102143	68.32	
	1322.304327540	157.89	1322.304327540	68.06	
	1323.304527176	157.81	1323.304527176	68.08	
	1324.304747841	157.90	1324.304747841	68.16	
	1325.304982629	157.83	1325.304982629	68.17	
	1326.305193568	157.90	1326.305193568	68.50	
	1327.305446826	157.90	1327.305446826	68.25	
	1328.305722822	157.82	1328.305722822	68.11	
	1329.305940113	157.92	1329.305940113	68.44	
	1330.306176930	157.82	1330.306176930	68.27	
	1331.306407712	157.90	1331.306407712	68.25	
	1332.306655009	157.88	1332.306655009	68.28	
	1333.306896573	157.82	1333.306896573	68.35	
	1334.307135586	157.90	1334.307135586	68.24	
	1335.307351542	156.63	1335.307351542	68.28	
	1336.307584277	157.79	1336.307584277	68.23	
	1337.307825436	157.82	1337.307825436	68.31	
	1338.308068577	157.90	1338.308068577	68.28	
	1339.308302050	157.85	1339.308302050	68.25	
	1340.308543988	157.80	1340.308543988	68.23	
	1341.308785218	157.88	1341.308785218	68.21	
	1342.309016156	157.90	1342.309016156	68.24	
	1343.309243831	157.81	1343.309243831	68.34	
	1344.309533658	157.84	1344.309533658	68.26	
	1345.309699515	157.87	1345.309699515	68.23	
	1346.309933420	157.81	1346.309933420	68.23	
	1347.310176061	157.82	1347.310176061	68.31	
	1348.310416921	157.90	1348.310416921	68.16	
	1349.310637011	158.23	1349.310637011	68.04	
	1350.310857585	157.84	1350.310857585	68.19	
	1351.311101966	157.93	1351.311101966	67.96	
	1352.311323652	157.85	1352.311323652	68.11	
	1353.311548271	157.85	1353.311548271	68.34	
	1354.311776325	157.94	1354.311776325	68.32	
	1355.312009892	157.90	1355.312009892	68.21	
	1356.312245954	158.04	1356.312245954	68.06	
	1357.312465805	157.92	1357.312465805	68.37	
	1358.312680730	158.05	1358.312680730	68.22	
	1359.312904512	157.92	1359.312904512	68.24	
	1360.313123296	158.00	1360.313123296	68.26	
	1361.313344481	158.02	1361.313344481	68.23	
	1362.313558849	157.94	1362.313558849	68.37	
	1363.313780197	157.98	1363.313780197	68.35	
	1364.314019270	157.89	1364.314019270	68.43	
	1365.314266773	158.05	1365.314266773	68.41	
	1366.314481669	157.98	1366.314481669	68.28	
	1367.314712997	157.92	1367.314712997	68.16	
	1368.314943570	158.04	1368.314943570	68.21	
	1369.315171650	157.90	1369.315171650	68.23	
	1370.315393480	158.05	1370.315393480	68.21	
	1371.315614867	157.94	1371.315614867	68.15	
	1372.315838167	158.03	1372.315838167	68.22	
	1373.316073486	158.04	1373.316073486	68.12	
	1374.316305356	157.99	1374.316305356	68.03	
	1375.316522965	158.07	1375.316522965	68.20	
	1376.316747614	157.99	1376.316747614	67.99	
	1377.316986992	158.08	1377.316986992	68.12	
	1378.317189445	158.00	1378.317189445	68.12	
	1379.317414818	158.09	1379.317414818	68.21	
	1380.317634375	158.09	1380.317634375	68.05	
	1381.317857268	157.99	1381.317857268	68.18	
	1382.318093768	158.08	1382.318093768	67.99	
	1383.318327674	158.11	1383.318327674	68.16	
	1384.318565308	158.03	1384.318565308	68.08	
	1385.318799807	158.08	1385.318799807	68.17	
	1386.319044141	158.05	1386.319044141	68.00	
	1387.319302895	158.11	1387.319302895	68.39	
	1388.319540570	157.98	1388.319540570	68.22	
	1389.319765438	157.90	1389.319765438	68.35	
	1390.319984304	158.11	1390.319984304	67.91	
	1391.320181897	158.38	1391.320181897	67.89	
	1392.320414316	159.91	1392.320414316	67.62	
	1393.320646844	159.93	1393.320646844	67.74	
	1394.320913612	161.77	1394.320913612	67.53	
	1395.321131322	162.03	1395.321131322	65.08	
	1396.321287285	143.36	1396.321287285	48.53	
	1397.321480867	134.35	1397.321480867	44.27	
	1398.321737988	136.47	1398.321737988	81.72	
	1399.322044598	134.92	1399.322044598	76.67	
	1400.322361993	146.87	1400.322361993	80.68	
	1401.322660461	142.94	1401.322660461	77.17	
	1402.322985978	147.21	1402.322985978	80.12	
	1403.323310507	143.08	1403.323310507	77.06	
	1404.323599923	147.29	1404.323599923	80.46	
	1405.323884791	142.88	1405.323884791	76.65	
	1406.324180216	146.84	1406.324180216	79.88	
	1407.324437778	143.18	1407.324437778	77.77	
	1408.324680068	146.36	1408.324680068	79.09	
	1409.324941241	143.98	1409.324941241	77.06	
	1410.325204900	146.33	1410.325204900	78.46	
	1411.325492336	143.97	1411.325492336	78.80	
	1412.325791587	145.64	1412.325791587	77.74	
	1413.326079562	144.49	1413.326079562	79.70	
	1414.326398293	144.85	1414.326398293	77.29	
	1415.326731847	145.00	1415.326731847	80.21	
	1416.327061522	144.37	1416.327061522	77.47	
	1417.327396504	145.33	1417.327396504	80.26	
	1418.327661044	146.72	1418.327661044	78.34	
	1419.327877882	135.66	1419.327877882	81.64	
	1420.328151488	134.32	1420.328151488	76.38	
	1421.331088163	146.64	1421.331088163	80.45	
	1422.331443347	143.11	1422.331443347	76.67	
	1423.331801995	146.80	1423.331801995	80.52	
	1424.332174882	142.77	1424.332174882	77.23	
	1425.332593455	147.03	1425.332593455	80.37	
	1426.332968407	142.58	1426.332968407	76.92	
	1427.333356495	146.88	1427.333356495	80.29	
	1428.333709915	142.74	1428.333709915	77.03	
	1429.334020998	146.58	1429.334020998	79.71	
	1430.334303495	142.95	1430.334303495	77.97	
	1431.334579712	146.06	1431.334579712	78.97	
	1432.334872116	143.41	1432.334872116	78.77	
	1433.335157895	145.48	1433.335157895	78.41	
	1434.335419446	144.01	1434.335419446	79.46	
	1435.335693208	144.94	1435.335693208	77.16	
	1436.335989576	144.46	1436.335989576	79.91	
	1437.336351466	144.48	1437.336351466	77.32	
	1438.336737704	144.87	1438.336737704	80.17	
	1439.337052846	147.30	1439.337052846	78.40	
	1440.337291935	135.83	1440.337291935	81.50	
	1441.337586286	134.11	1441.337586286	76.61	
	1442.337934751	145.78	1442.337934751	80.30	
	1443.338233772	142.76	1443.338233772	77.45	
	1444.338569446	146.40	1444.338569446	80.43	
	1445.338953175	142.53	1445.338953175	77.05	
	1446.339340974	146.84	1446.339340974	80.43	
	1447.339697036	142.43	1447.339697036	77.07	
	1448.340077921	146.74	1448.340077921	80.41	
	1449.340426419	142.34	1449.340426419	77.26	
	1450.340728258	146.61	1450.340728258	79.85	
	1451.340989490	142.65	1451.340989490	77.58	
	1452.341278565	145.99	1452.341278565	79.31	
	1453.341555542	143.10	1453.341555542	78.52	
	1454.341856067	145.61	1454.341856067	78.25	
	1455.342101728	143.77	1455.342101728	79.12	
	1456.342418617	144.89	1456.342418617	77.60	
	1457.342683230	144.24	1457.342683230	79.67	
	1458.342996097	144.67	1458.342996097	77.07	
	1459.343354011	144.55	1459.343354011	80.18	
	1460.343640309	147.64	1460.343640309	78.55	
	1461.343868508	135.11	1461.343868508	81.71	
	1462.344155378	134.10	1462.344155378	76.46	
	1463.344492136	145.36	1463.344492136	80.32	
	1464.344861850	142.82	1464.344861850	77.03	
	1465.345187614	146.08	1465.345187614	80.27	
	1466.345505525	142.35	1466.345505525	77.20	
	1467.345842549	146.66	1467.345842549	80.37	
	1468.346154655	142.29	1468.346154655	76.89	
	1469.346461045	146.57	1469.346461045	80.65	
	1470.346785762	143.18	1470.346785762	75.54	
	1471.347081067	146.81	1471.347081067	80.53	
	1472.347348149	142.29	1472.347348149	77.14	
	1473.347599822	146.52	1473.347599822	79.53	
	1474.347798156	142.42	1474.347798156	77.72	
	1475.347994061	146.05	1475.347994061	79.31	
	1476.348186812	143.03	1476.348186812	78.46	
	1477.348395290	145.46	1477.348395290	78.71	
	1478.348680124	143.47	1478.348680124	79.17	
	1479.348954888	144.99	1479.348954888	77.81	
	1480.349226634	143.96	1480.349226634	79.74	
	1481.349534441	148.23	1481.349534441	78.45	
	1482.349782788	135.42	1482.349782788	81.43	
	1483.350055828	133.66	1483.350055828	76.86	
	1484.350456884	144.72	1484.350456884	80.23	
	1485.350781282	143.20	1485.350781282	77.34	
	1486.351091777	145.52	1486.351091777	80.33	
	1487.351414743	142.74	1487.351414743	77.33	
	1488.351723203	146.27	1488.351723203	80.58	
	1489.352048818	142.37	1489.352048818	77.35	
	1490.352403106	146.53	1490.352403106	80.88	
	1491.352775090	142.22	1491.352775090	77.41	
	1492.353113198	146.56	1492.353113198	80.75	
	1493.353443686	142.32	1493.353443686	77.56	
	1494.353690646	146.52	1494.353690646	80.68	
	1495.353956085	142.14	1495.353956085	77.29	
	1496.354213501	146.30	1496.354213501	80.03	
	1497.354472014	142.60	1497.354472014	77.99	
	1498.354750275	145.56	1498.354750275	78.99	
	1499.355033718	143.23	1499.355033718	78.70	
	1500.355321568	145.12	1500.355321568	78.38	
	1501.355606931	143.53	1501.355606931	79.57	
	1502.355904907	148.17	1502.355904907	78.82	
	1503.356180845	136.00	1503.356180845	80.96	
	1504.356444499	133.60	1504.356444499	76.74	
	1505.356770617	144.49	1505.356770617	80.40	
	1506.357094600	143.36	1506.357094600	77.54	
	1507.357427750	145.24	1507.357427750	80.45	
	1508.357758746	142.97	1508.357758746	77.54	
	1509.358099840	145.81	1509.358099840	80.54	
	1510.358429841	142.65	1510.358429841	77.68	
	1511.358744892	146.15	1511.358744892	80.58	
	1512.359053561	142.18	1512.359053561	77.20	
	1513.359340915	146.64	1513.359340915	79.75	
	1514.359664115	142.18	1514.359664115	77.31	
	1515.360045365	146.66	1515.360045365	80.83	
	1516.360424887	142.07	1516.360424887	77.32	
	1517.360736328	146.79	1517.360736328	80.32	
	1518.361046138	142.17	1518.361046138	77.57	
	1519.361377855	145.97	1519.361377855	79.69	
	1520.361701690	142.87	1520.361701690	78.33	
	1521.362045275	145.53	1521.362045275	78.72	
	1522.362359134	143.18	1522.362359134	79.09	
	1523.362739627	147.89	1523.362739627	79.41	
	1524.362985483	135.48	1524.362985483	80.38	
	1525.363234800	133.09	1525.363234800	76.93	
	1526.363567676	144.21	1526.363567676	80.33	
	1527.363915464	143.72	1527.363915464	77.68	
	1528.364252259	145.07	1528.364252259	80.07	
	1529.364619372	143.32	1529.364619372	77.64	
	1530.364936507	144.94	1530.364936507	75.98	
	1531.365220922	143.44	1531.365220922	77.59	
	1532.365527585	145.44	1532.365527585	80.53	
	1533.365778397	142.97	1533.365778397	77.37	
	1534.366099665	146.00	1534.366099665	80.43	
	1535.366429838	142.42	1535.366429838	77.43	
	1536.366751235	146.62	1536.366751235	80.57	
	1537.367063194	142.33	1537.367063194	77.33	
	1538.367362758	146.74	1538.367362758	80.85	
	1539.367680263	142.48	1539.367680263	77.54	
	1540.367966354	146.71	1540.367966354	80.79	
	1541.368218019	142.54	1541.368218019	76.79	
	1542.368552900	146.92	1542.368552900	79.54	
	1543.368831650	142.36	1543.368831650	77.75	
	1544.369113713	147.46	1544.369113713	79.75	
	1545.369342043	138.92	1545.369342043	79.78	
	1546.369584018	132.51	1546.369584018	78.16	
	1547.369869488	143.37	1547.369869488	79.71	
	1548.370180757	144.77	1548.370180757	77.80	
	1549.370402696	144.16	1549.370402696	80.34	
	1550.370665929	144.28	1550.370665929	77.42	
	1551.370977580	145.01	1551.370977580	80.35	
	1552.371297081	143.84	1552.371297081	77.38	
	1553.371618666	145.38	1553.371618666	80.45	
	1554.371934105	143.28	1554.371934105	77.66	
	1555.372215429	145.78	1555.372215429	80.45	
	1556.372525908	142.94	1556.372525908	77.61	
	1557.372849582	146.29	1557.372849582	80.64	
	1558.373146452	142.31	1558.373146452	77.26	
	1559.373467251	146.95	1559.373467251	80.66	
	1560.373771151	142.43	1560.373771151	77.11	
	1561.374054593	146.77	1561.374054593	80.79	
	1562.374361305	142.46	1562.374361305	77.21	
	1563.374617399	146.87	1563.374617399	80.51	
	1564.374851089	142.23	1564.374851089	77.58	
	1565.375111734	147.36	1565.375111734	80.03	
	1566.375345878	139.21	1566.375345878	79.40	
	1567.375588631	132.46	1567.375588631	78.56	
	1568.375878981	143.25	1568.375878981	79.34	
	1569.376189275	144.85	1569.376189275	77.94	
	1570.376477297	144.09	1570.376477297	80.00	
	1571.376808310	144.61	1571.376808310	77.48	
	1572.377137320	144.76	1572.377137320	80.32	
	1573.377445451	144.13	1573.377445451	77.67	
	1574.377763412	145.15	1574.377763412	80.59	
	1575.378095384	143.41	1575.378095384	77.50	
	1576.378428584	145.76	1576.378428584	80.39	
	1577.378752409	143.08	1577.378752409	77.25	
	1578.379066595	146.18	1578.379066595	80.56	
	1579.379381901	142.71	1579.379381901	77.16	
	1580.379709610	146.58	1580.379709610	80.63	
	1581.380065569	142.53	1581.380065569	77.42	
	1582.380398245	146.74	1582.380398245	80.61	
	1583.380700238	142.51	1583.380700238	76.84	
	1584.381043333	146.88	1584.381043333	80.50	
	1585.381359344	142.20	1585.381359344	77.11	
	1586.381646686	147.09	1586.381646686	80.45	
	1587.381914300	140.16	1587.381914300	78.70	
	1588.382178616	132.22	1588.382178616	78.79	
	1589.382452675	142.81	1589.382452675	78.94	
	1590.382736265	145.28	1590.382736265	78.73	
	1591.383033593	144.38	1591.383033593	78.03	
	1592.383334084	145.03	1592.383334084	78.06	
	1593.383621274	144.11	1593.383621274	80.10	
	1594.383948032	144.47	1594.383948032	77.57	
	1595.384224561	144.83	1595.384224561	80.21	
	1596.384556236	143.98	1596.384556236	77.77	
	1597.384867405	145.24	1597.384867405	80.40	
	1598.385162880	143.64	1598.385162880	77.27	
	1599.385492134	145.58	1599.385492134	80.19	
	1600.385828296	143.13	1600.385828296	77.63	
	1601.386202263	145.97	1601.386202263	80.30	
	1602.386520631	142.84	1602.386520631	77.43	
	1603.386849118	146.59	1603.386849118	80.64	
	1604.387183466	142.44	1604.387183466	77.05	
	1605.387496601	146.91	1605.387496601	80.86	
	1606.387810329	142.26	1606.387810329	77.31	
	1607.388134988	146.77	1607.388134988	80.93	
	1608.388363720	131.73	1608.388363720	58.98	
	1609.388550599	119.59	1609.388550599	53.05	
	1610.388733020	141.41	1610.388733020	64.67	
	1611.388922782	145.70	1611.388922782	79.72	
	1612.389155079	136.93	1612.389155079	79.66	
	1613.389367099	141.90	1613.389367099	64.73	
	1614.389573159	145.77	1614.389573159	79.99	
	1615.389782825	137.02	1615.389782825	79.55	
	1616.389965823	118.51	1616.389965823	53.99	
	1617.390129224	130.96	1617.390129224	55.03	
	1618.390309173	117.85	1618.390309173	51.26	
	1619.390484207	140.92	1619.390484207	65.69	
	1620.390645028	145.70	1620.390645028	78.59	
	1621.390882756	138.84	1621.390882756	80.02	
	1622.391096673	140.06	1622.391096673	65.45	
	1623.391285490	146.32	1623.391285490	79.14	
	1624.391539807	136.87	1624.391539807	79.54	
	1625.391782782	120.07	1625.391782782	55.34	
	1626.391940649	130.76	1626.391940649	55.58	
	1627.392129018	116.07	1627.392129018	47.65	
	1628.392289695	140.80	1628.392289695	67.20	
	1629.392459638	144.84	1629.392459638	76.66	
	1630.392685871	141.13	1630.392685871	80.35	
	1631.392893323	138.49	1631.392893323	66.59	
	1632.393059919	144.61	1632.393059919	77.55	
	1633.393307518	137.22	1633.393307518	79.99	
	1634.393550192	122.73	1634.393550192	57.76	
	1635.393701906	131.58	1635.393701906	56.22	
	1636.393851828	115.59	1636.393851828	45.88	
	1637.394003301	139.19	1637.394003301	67.22	
	1638.394181807	144.62	1638.394181807	75.11	
	1639.394399267	143.53	1639.394399267	80.49	
	1640.394657393	135.78	1640.394657393	68.75	
	1641.394815423	145.02	1641.394815423	75.79	
	1642.395077141	137.11	1642.395077141	80.24	
	1643.395310474	125.09	1643.395310474	60.19	
	1644.395463272	131.17	1644.395463272	57.00	
	1645.395618096	115.59	1645.395618096	45.97	
	1646.395774161	136.65	1646.395774161	65.42	
	1647.395957215	143.95	1647.395957215	73.67	
	1648.396200972	145.27	1648.396200972	80.75	
	1649.396416687	135.26	1649.396416687	69.43	
	1650.396602090	144.27	1650.396602090	74.17	
	1651.396865429	138.85	1651.396865429	80.29	
	1652.397107904	127.47	1652.397107904	62.54	
	1653.397266970	132.74	1653.397266970	57.38	
	1654.397425418	115.71	1654.397425418	45.88	
	1655.397579270	134.37	1655.397579270	64.51	
	1656.397741381	142.92	1656.397741381	71.71	
	1657.397972007	145.99	1657.397972007	80.61	
	1658.398160258	135.28	1658.398160258	70.69	
	1659.398345269	143.87	1659.398345269	72.45	
	1660.398587189	138.34	1660.398587189	80.49	
	1661.398825665	130.18	1661.398825665	64.69	
	1662.398979067	130.88	1662.398979067	58.72	
	1663.399136628	115.84	1663.399136628	46.12	
	1664.399294530	131.88	1664.399294530	61.96	
	1665.399477540	143.38	1665.399477540	70.57	
	1666.399740663	145.79	1666.399740663	80.74	
	1667.400001716	135.90	1667.400001716	73.04	
	1668.400172003	142.77	1668.400172003	69.86	
	1669.400463194	140.03	1669.400463194	80.75	
	1670.400711231	132.29	1670.400711231	68.06	
	1671.400878603	129.50	1671.400878603	59.59	
	1672.401036461	118.29	1672.401036461	45.50	
	1673.401171348	129.69	1673.401171348	61.12	
	1674.401330003	142.18	1674.401330003	68.59	
	1675.401542689	145.87	1675.401542689	80.65	
	1676.401776354	135.79	1676.401776354	74.37	
	1677.401967035	143.65	1677.401967035	69.60	
	1678.402191987	140.08	1678.402191987	80.43	
	1679.402434151	134.11	1679.402434151	69.54	
	1680.402618188	126.28	1680.402618188	58.77	
	1681.402819197	121.64	1681.402819197	46.93	
	1682.402991127	128.08	1682.402991127	59.38	
	1683.403182022	142.08	1683.403182022	67.34	
	1684.403438440	147.40	1684.403438440	81.23	
	1685.403717281	136.30	1685.403717281	75.72	
	1686.403911137	141.71	1686.403911137	68.37	
	1687.404162703	142.12	1687.404162703	80.61	
	1688.404371168	134.33	1688.404371168	71.87	
	1689.404566496	123.54	1689.404566496	57.85	
	1690.404770739	123.66	1690.404770739	48.90	
	1691.404917918	126.71	1691.404917918	58.12	
	1692.405096949	141.08	1692.405096949	66.43	
	1693.405399503	146.18	1693.405399503	80.94	
	1694.405661897	136.32	1694.405661897	76.15	
	1695.405837802	141.14	1695.405837802	67.19	
	1696.406078082	142.40	1696.406078082	80.78	
	1697.406292050	134.55	1697.406292050	73.23	
	1698.406480754	121.21	1698.406480754	56.53	
	1699.406667516	126.42	1699.406667516	49.82	
	1700.406843056	124.43	1700.406843056	56.67	
	1701.407055005	141.27	1701.407055005	65.68	
	1702.407336655	145.96	1702.407336655	80.83	
	1703.407585907	136.74	1703.407585907	77.68	
	1704.407784305	141.17	1704.407784305	65.83	
	1705.408040563	144.71	1705.408040563	81.00	
	1706.408248840	135.43	1706.408248840	75.34	
	1707.408405915	118.46	1707.408405915	54.87	
	1708.408576972	128.75	1708.408576972	52.00	
	1709.408726263	122.70	1709.408726263	55.48	
	1710.408882638	141.00	1710.408882638	63.85	
	1711.409103345	146.80	1711.409103345	80.87	
	1712.409318679	136.62	1712.409318679	78.74	
	1713.409493481	141.11	1713.409493481	64.31	
	1714.409697812	145.28	1714.409697812	80.81	
	1715.409896107	136.47	1715.409896107	77.63	
	1716.410057787	117.51	1716.410057787	53.98	
	1717.410231070	130.51	1717.410231070	53.41	
	1718.410407402	120.72	1718.410407402	55.04	
	1719.410567880	141.67	1719.410567880	64.05	
	1720.410734071	146.12	1720.410734071	80.48	
	1721.410912997	136.79	1721.410912997	79.48	
	1722.411079881	141.44	1722.411079881	64.48	
	1723.411291182	146.42	1723.411291182	80.99	
	1724.411471888	136.64	1724.411471888	78.73	
	1725.411619124	117.65	1725.411619124	53.43	
	1726.411779509	131.34	1726.411779509	54.23	
	1727.411978618	118.48	1727.411978618	51.23	
	1728.412157993	141.49	1728.412157993	65.15	
	1729.412336878	145.62	1729.412336878	78.87	
	1730.412568085	137.64	1730.412568085	79.80	
	1731.412774452	141.07	1731.412774452	64.70	
	1732.412941097	147.37	1732.412941097	80.03	
	1733.413179845	136.77	1733.413179845	79.66	
	1734.413407454	119.36	1734.413407454	54.43	
	1735.413564472	131.57	1735.413564472	55.70	
	1736.413749136	117.16	1736.413749136	49.27	
	1737.413945499	140.96	1737.413945499	65.98	
	1738.414107759	144.92	1738.414107759	77.48	
	1739.414362684	139.76	1739.414362684	80.22	
	1740.414575563	139.23	1740.414575563	66.51	
	1741.414767310	145.08	1741.414767310	78.08	
	1742.415039161	137.45	1742.415039161	79.97	
	1743.415274005	121.67	1743.415274005	56.30	
	1744.415434661	131.93	1744.415434661	56.28	
	1745.415625713	116.10	1745.415625713	46.85	
	1746.415797840	140.42	1746.415797840	67.22	
	1747.415963577	145.19	1747.415963577	76.18	
	1748.416204470	141.52	1748.416204470	80.46	
	1749.416410266	138.81	1749.416410266	68.23	
	1750.416577827	145.95	1750.416577827	77.12	
	1751.416804983	137.25	1751.416804983	80.06	
	1752.417006009	123.37	1752.417006009	57.96	
	1753.417157085	132.10	1753.417157085	56.37	
	1754.417317871	115.95	1754.417317871	45.73	
	1755.417471466	138.80	1755.417471466	66.88	
	1756.417647662	144.86	1756.417647662	74.69	
	1757.417925383	144.00	1757.417925383	80.50	
	1758.418133814	137.08	1758.418133814	68.57	
	1759.418308548	146.18	1759.418308548	76.02	
	1760.418563647	137.66	1760.418563647	80.17	
	1761.418793234	125.62	1761.418793234	60.22	
	1762.418951085	132.54	1762.418951085	57.07	
	1763.419111646	115.83	1763.419111646	44.91	
	1764.419286651	136.72	1764.419286651	65.06	
	1765.419463042	144.82	1765.419463042	73.74	
	1766.419691820	145.15	1766.419691820	80.29	
	1767.419902756	135.06	1767.419902756	69.21	
	1768.420064288	144.07	1768.420064288	74.14	
	1769.420343783	137.22	1769.420343783	80.00	
	1770.420594735	128.25	1770.420594735	63.10	
	1771.420750024	132.56	1771.420750024	57.62	
	1772.420907736	116.24	1772.420907736	45.23	
	1773.421062013	135.60	1773.421062013	63.85	
	1774.421239039	142.76	1774.421239039	71.99	
	1775.421504776	146.28	1775.421504776	80.59	
	1776.421798721	136.09	1776.421798721	71.75	
	1777.421996163	145.21	1777.421996163	72.97	
	1778.422229970	137.78	1778.422229970	80.55	
	1779.422487023	130.41	1779.422487023	64.91	
	1780.422645900	131.58	1780.422645900	58.34	
	1781.422804731	116.45	1781.422804731	46.25	
	1782.422967944	132.98	1782.422967944	63.23	
	1783.423169820	142.74	1783.423169820	70.71	
	1784.423437508	145.89	1784.423437508	80.96	
	1785.423665047	135.68	1785.423665047	72.42	
	1786.423836670	142.72	1786.423836670	71.12	
	1787.424076525	138.80	1787.424076525	80.56	
	1788.424289665	131.98	1788.424289665	67.53	
	1789.424455824	130.15	1789.424455824	59.63	
