				node	pkg_cur	dram_cur	pkg_energy	dram_energy	pkg_power	dram_power
2019-12-27 08:37:56	1577407076	80	0	14524.4528	183142.6553	50.6513	23.7709	50.6513	23.7709
2019-12-27 08:37:56	1577407076	80	1	154542.1273	198737.5969	41.1708	23.3094	41.1708	23.3094
2019-12-27 08:37:57	1577407077	86	0	14587.4248	183185.7569	62.9720	43.1016	62.9720	43.1016
2019-12-27 08:37:57	1577407077	86	1	154596.6860	198781.1609	54.5587	43.5641	54.5587	43.5641
2019-12-27 08:37:58	1577407078	93	0	14647.8370	183229.4898	60.4122	43.7329	60.4122	43.7329
2019-12-27 08:37:58	1577407078	93	1	154649.0811	198825.1045	52.3951	43.9435	52.3951	43.9435
2019-12-27 08:37:59	1577407079	100	0	14708.3112	183273.2112	60.4742	43.7214	60.4742	43.7214
2019-12-27 08:37:59	1577407079	100	1	154701.4951	198868.9856	52.4140	43.8811	52.4140	43.8811
2019-12-27 08:38:00	1577407080	107	0	14768.4411	183316.9620	60.1299	43.7507	60.1299	43.7507
2019-12-27 08:38:00	1577407080	107	1	154753.9241	198912.9833	52.4291	43.9977	52.4291	43.9977
2019-12-27 08:38:01	1577407081	114	0	14828.7794	183360.8653	60.3383	43.9033	60.3383	43.9033
2019-12-27 08:38:01	1577407081	114	1	154806.4131	198956.9978	52.4890	44.0145	52.4890	44.0145
2019-12-27 08:38:02	1577407082	120	0	14889.8938	183404.8681	61.1144	44.0028	61.1144	44.0028
2019-12-27 08:38:02	1577407082	120	1	154859.3362	199001.1409	52.9230	44.1431	52.9230	44.1431
2019-12-27 08:38:03	1577407083	127	0	14950.0983	183448.7928	60.2045	43.9247	60.2045	43.9247
2019-12-27 08:38:03	1577407083	127	1	154911.9173	199045.1443	52.5811	44.0034	52.5811	44.0034
2019-12-27 08:38:04	1577407084	134	0	15010.3579	183492.5739	60.2596	43.7811	60.2596	43.7811
2019-12-27 08:38:04	1577407084	134	1	154964.5538	199089.1044	52.6365	43.9600	52.6365	43.9600
2019-12-27 08:38:05	1577407085	141	0	15070.6561	183536.3688	60.2982	43.7950	60.2982	43.7950
2019-12-27 08:38:05	1577407085	141	1	155017.2898	199133.1044	52.7360	44.0000	52.7360	44.0000
2019-12-27 08:38:06	1577407086	148	0	15130.9384	183580.2481	60.2823	43.8793	60.2823	43.8793
2019-12-27 08:38:06	1577407086	148	1	155070.0753	199177.1883	52.7855	44.0839	52.7855	44.0839
2019-12-27 08:38:07	1577407087	155	0	15191.3657	183624.0919	60.4273	43.8438	60.4273	43.8438
2019-12-27 08:38:07	1577407087	155	1	155122.9056	199221.1681	52.8304	43.9798	52.8304	43.9798
2019-12-27 08:38:08	1577407088	162	0	15251.5639	183667.8247	60.1982	43.7328	60.1982	43.7328
2019-12-27 08:38:08	1577407088	162	1	155175.9064	199265.2037	53.0008	44.0356	53.0008	44.0356
2019-12-27 08:38:09	1577407089	169	0	15311.8799	183711.6901	60.3160	43.8654	60.3160	43.8654
2019-12-27 08:38:09	1577407089	169	1	155228.8812	199309.2774	52.9748	44.0737	52.9748	44.0737
2019-12-27 08:38:10	1577407090	176	0	15372.3137	183755.6387	60.4338	43.9486	60.4338	43.9486
2019-12-27 08:38:10	1577407090	176	1	155282.0429	199353.3592	53.1617	44.0818	53.1617	44.0818
2019-12-27 08:38:11	1577407091	183	0	15433.0096	183799.5813	60.6959	43.9426	60.6959	43.9426
2019-12-27 08:38:11	1577407091	183	1	155335.2356	199397.5032	53.1927	44.1440	53.1927	44.1440
2019-12-27 08:38:12	1577407092	190	0	15493.4808	183843.4349	60.4712	43.8536	60.4712	43.8536
2019-12-27 08:38:12	1577407092	190	1	155388.5515	199441.5426	53.3159	44.0394	53.3159	44.0394
2019-12-27 08:38:13	1577407093	197	0	15553.7859	183887.2967	60.3051	43.8618	60.3051	43.8618
2019-12-27 08:38:13	1577407093	197	1	155442.0390	199485.6510	53.4875	44.1084	53.4875	44.1084
2019-12-27 08:38:14	1577407094	204	0	15614.1631	183930.9504	60.3773	43.6537	60.3773	43.6537
2019-12-27 08:38:14	1577407094	204	1	155495.5571	199529.6989	53.5181	44.0479	53.5181	44.0479
2019-12-27 08:38:15	1577407095	211	0	15674.5211	183974.7782	60.3579	43.8278	60.3579	43.8278
2019-12-27 08:38:15	1577407095	211	1	155549.1353	199573.7587	53.5782	44.0598	53.5782	44.0598
2019-12-27 08:38:16	1577407096	218	0	15734.9860	184018.4039	60.4649	43.6257	60.4649	43.6257
2019-12-27 08:38:16	1577407096	218	1	155602.7474	199617.8157	53.6121	44.0570	53.6121	44.0570
2019-12-27 08:38:17	1577407097	225	0	15795.5579	184062.3527	60.5720	43.9488	60.5720	43.9488
2019-12-27 08:38:17	1577407097	225	1	155656.4143	199661.9453	53.6669	44.1295	53.6669	44.1295
2019-12-27 08:38:18	1577407098	232	0	15856.1114	184106.2481	60.5535	43.8954	60.5535	43.8954
2019-12-27 08:38:18	1577407098	232	1	155710.0701	199706.0915	53.6558	44.1462	53.6558	44.1462
2019-12-27 08:38:19	1577407099	239	0	15916.6144	184150.1609	60.5030	43.9128	60.5030	43.9128
2019-12-27 08:38:19	1577407099	239	1	155763.7776	199750.2037	53.7075	44.1122	53.7075	44.1122
2019-12-27 08:38:20	1577407100	246	0	15977.1644	184194.1065	60.5500	43.9456	60.5500	43.9456
2019-12-27 08:38:20	1577407100	246	1	155817.4368	199794.3745	53.6592	44.1708	53.6592	44.1708
2019-12-27 08:38:21	1577407101	253	0	16037.7543	184238.1136	60.5899	44.0071	60.5899	44.0071
2019-12-27 08:38:21	1577407101	253	1	155870.9845	199838.4670	53.5477	44.0925	53.5477	44.0925
2019-12-27 08:38:22	1577407102	260	0	16098.4467	184281.9370	60.6923	43.8234	60.6923	43.8234
2019-12-27 08:38:22	1577407102	260	1	155924.6262	199882.5587	53.6417	44.0917	53.6417	44.0917
2019-12-27 08:38:23	1577407103	267	0	16158.7770	184325.7318	60.3304	43.7947	60.3304	43.7947
2019-12-27 08:38:23	1577407103	267	1	155977.8934	199926.7098	53.2672	44.1511	53.2672	44.1511
2019-12-27 08:38:24	1577407104	275	0	16219.0576	184369.6517	60.2806	43.9200	60.2806	43.9200
2019-12-27 08:38:24	1577407104	275	1	156030.6410	199970.8210	52.7476	44.1112	52.7476	44.1112
2019-12-27 08:38:25	1577407105	282	0	16279.6324	184413.5120	60.5748	43.8602	60.5748	43.8602
2019-12-27 08:38:25	1577407105	282	1	156083.4097	200014.9556	52.7687	44.1346	52.7687	44.1346
2019-12-27 08:38:26	1577407106	289	0	16339.7656	184457.3325	60.1332	43.8206	60.1332	43.8206
2019-12-27 08:38:26	1577407106	289	1	156136.1633	200059.0513	52.7535	44.0956	52.7535	44.0956
2019-12-27 08:38:27	1577407107	296	0	16399.8036	184501.0226	60.0380	43.6901	60.0380	43.6901
2019-12-27 08:38:27	1577407107	296	1	156189.0011	200103.2248	52.8378	44.1735	52.8378	44.1735
2019-12-27 08:38:28	1577407108	303	0	16459.9761	184544.7510	60.1725	43.7285	60.1725	43.7285
2019-12-27 08:38:28	1577407108	303	1	156241.8752	200147.3348	52.8741	44.1100	52.8741	44.1100
2019-12-27 08:38:29	1577407109	310	0	16520.4517	184588.5275	60.4756	43.7764	60.4756	43.7764
2019-12-27 08:38:29	1577407109	310	1	156294.8679	200191.4630	52.9927	44.1282	52.9927	44.1282
2019-12-27 08:38:30	1577407110	317	0	16580.8403	184632.2274	60.3886	43.7000	60.3886	43.7000
2019-12-27 08:38:30	1577407110	317	1	156347.8052	200235.4881	52.9373	44.0251	52.9373	44.0251
2019-12-27 08:38:31	1577407111	324	0	16641.7380	184675.9097	60.8977	43.6823	60.8977	43.6823
2019-12-27 08:38:31	1577407111	324	1	156400.8715	200279.6376	53.0663	44.1495	53.0663	44.1495
2019-12-27 08:38:32	1577407112	331	0	16701.8521	184719.3371	60.1141	43.4274	60.1141	43.4274
2019-12-27 08:38:32	1577407112	331	1	156454.0312	200323.6768	53.1597	44.0391	53.1597	44.0391
2019-12-27 08:38:33	1577407113	338	0	16762.1110	184762.9915	60.2590	43.6544	60.2590	43.6544
2019-12-27 08:38:33	1577407113	338	1	156507.2211	200367.7142	53.1898	44.0374	53.1898	44.0374
2019-12-27 08:38:34	1577407114	345	0	16822.3596	184806.4424	60.2486	43.4509	60.2486	43.4509
2019-12-27 08:38:34	1577407114	345	1	156560.4630	200411.8197	53.2419	44.1055	53.2419	44.1055
2019-12-27 08:38:35	1577407115	352	0	16882.4167	184849.8365	60.0571	43.3940	60.0571	43.3940
2019-12-27 08:38:35	1577407115	352	1	156613.7354	200455.9175	53.2724	44.0978	53.2724	44.0978
2019-12-27 08:38:36	1577407116	359	0	16942.5941	184893.3616	60.1774	43.5251	60.1774	43.5251
2019-12-27 08:38:36	1577407116	359	1	156667.0601	200500.0074	53.3246	44.0900	53.3246	44.0900
2019-12-27 08:38:37	1577407117	367	0	17002.7087	184936.8801	60.1146	43.5184	60.1146	43.5184
2019-12-27 08:38:37	1577407117	367	1	156720.4973	200544.0900	53.4372	44.0825	53.4372	44.0825
2019-12-27 08:38:38	1577407118	374	0	17062.8093	184980.5543	60.1006	43.6742	60.1006	43.6742
2019-12-27 08:38:38	1577407118	374	1	156773.9352	200588.1518	53.4380	44.0618	53.4380	44.0618
2019-12-27 08:38:39	1577407119	381	0	17123.0604	185024.0295	60.2511	43.4752	60.2511	43.4752
2019-12-27 08:38:39	1577407119	381	1	156827.4147	200632.1805	53.4794	44.0287	53.4794	44.0287
2019-12-27 08:38:40	1577407120	388	0	17183.2655	185067.5923	60.2051	43.5628	60.2051	43.5628
2019-12-27 08:38:40	1577407120	388	1	156880.9209	200676.2776	53.5062	44.0970	53.5062	44.0970
2019-12-27 08:38:41	1577407121	395	0	17243.9471	185111.2916	60.6816	43.6993	60.6816	43.6993
2019-12-27 08:38:41	1577407121	395	1	156934.5302	200720.3536	53.6093	44.0760	53.6093	44.0760
2019-12-27 08:38:42	1577407122	403	0	17304.0405	185155.0577	60.0934	43.7662	60.0934	43.7662
2019-12-27 08:38:42	1577407122	403	1	156988.0674	200764.3735	53.5372	44.0199	53.5372	44.0199
2019-12-27 08:38:43	1577407123	410	0	17364.3218	185198.7228	60.2813	43.6650	60.2813	43.6650
2019-12-27 08:38:43	1577407123	410	1	157041.6303	200808.4113	53.5629	44.0378	53.5629	44.0378
2019-12-27 08:38:44	1577407124	417	0	17424.6281	185242.4651	60.3063	43.7424	60.3063	43.7424
2019-12-27 08:38:44	1577407124	417	1	157095.1786	200852.4556	53.5483	44.0443	53.5483	44.0443
2019-12-27 08:38:45	1577407125	424	0	17484.9263	185286.1376	60.2982	43.6725	60.2982	43.6725
2019-12-27 08:38:45	1577407125	424	1	157148.6688	200896.5509	53.4902	44.0953	53.4902	44.0953
2019-12-27 08:38:46	1577407126	431	0	17545.0900	185329.7798	60.1637	43.6422	60.1637	43.6422
2019-12-27 08:38:46	1577407126	431	1	157202.1604	200940.5431	53.4916	43.9922	53.4916	43.9922
2019-12-27 08:38:47	1577407127	438	0	17605.0116	185373.2556	59.9216	43.4758	59.9216	43.4758
2019-12-27 08:38:47	1577407127	438	1	157255.4767	200984.5884	53.3163	44.0453	53.3163	44.0453
2019-12-27 08:38:48	1577407128	445	0	17664.7357	185416.9861	59.7241	43.7305	59.7241	43.7305
2019-12-27 08:38:48	1577407128	445	1	157308.5969	201028.5798	53.1202	43.9913	53.1202	43.9913
2019-12-27 08:38:49	1577407129	452	0	17732.5035	185457.2107	67.7678	40.2246	67.7678	40.2246
2019-12-27 08:38:49	1577407129	452	1	157369.3253	201067.0632	60.7285	38.4835	60.7285	38.4835
2019-12-27 08:38:50	1577407130	456	0	17802.0250	185498.3201	69.5215	41.1094	69.5215	41.1094
2019-12-27 08:38:50	1577407130	456	1	157430.8888	201107.9355	61.5635	40.8723	61.5635	40.8723
2019-12-27 08:38:51	1577407131	463	0	17862.2613	185541.8892	60.2363	43.5692	60.2363	43.5692
2019-12-27 08:38:51	1577407131	463	1	157484.6779	201152.0069	53.7891	44.0714	53.7891	44.0714
2019-12-27 08:38:52	1577407132	470	0	17922.8795	185585.6157	60.6182	43.7265	60.6182	43.7265
2019-12-27 08:38:52	1577407132	470	1	157538.4908	201196.0766	53.8130	44.0697	53.8130	44.0697
2019-12-27 08:38:53	1577407133	477	0	17983.5190	185629.1353	60.6395	43.5196	60.6395	43.5196
2019-12-27 08:38:53	1577407133	477	1	157592.2718	201240.0896	53.7809	44.0130	53.7809	44.0130
2019-12-27 08:38:54	1577407134	484	0	18044.3014	185672.7744	60.7824	43.6391	60.7824	43.6391
2019-12-27 08:38:54	1577407134	484	1	157646.1719	201284.1823	53.9001	44.0927	53.9001	44.0927
2019-12-27 08:38:55	1577407135	491	0	18105.4256	185716.5654	61.1242	43.7910	61.1242	43.7910
2019-12-27 08:38:55	1577407135	491	1	157700.0911	201328.2404	53.9193	44.0582	53.9193	44.0582
2019-12-27 08:38:56	1577407136	498	0	18166.2258	185760.2717	60.8002	43.7062	60.8002	43.7062
2019-12-27 08:38:56	1577407136	498	1	157753.9459	201372.2679	53.8547	44.0275	53.8547	44.0275
2019-12-27 08:38:57	1577407137	505	0	18227.0938	185804.1025	60.8680	43.8308	60.8680	43.8308
2019-12-27 08:38:57	1577407137	505	1	157807.8076	201416.2866	53.8618	44.0187	53.8618	44.0187
2019-12-27 08:38:58	1577407138	512	0	18287.9878	185847.7440	60.8940	43.6415	60.8940	43.6415
2019-12-27 08:38:58	1577407138	512	1	157861.6838	201460.3173	53.8762	44.0307	53.8762	44.0307
2019-12-27 08:38:59	1577407139	519	0	18348.9691	185891.5315	60.9813	43.7875	60.9813	43.7875
2019-12-27 08:38:59	1577407139	519	1	157915.5835	201504.4005	53.8997	44.0833	53.8997	44.0833
2019-12-27 08:39:00	1577407140	526	0	18409.9931	185935.2661	61.0240	43.7346	61.0240	43.7346
2019-12-27 08:39:00	1577407140	526	1	157969.4787	201548.4841	53.8952	44.0836	53.8952	44.0836
2019-12-27 08:39:01	1577407141	533	0	18470.9315	185978.8632	60.9384	43.5972	60.9384	43.5972
2019-12-27 08:39:01	1577407141	533	1	158023.3856	201592.5776	53.9069	44.0936	53.9069	44.0936
2019-12-27 08:39:02	1577407142	540	0	18531.9760	186022.6375	61.0445	43.7742	61.0445	43.7742
2019-12-27 08:39:02	1577407142	540	1	158077.2920	201636.6608	53.9064	44.0832	53.9064	44.0832
2019-12-27 08:39:03	1577407143	547	0	18592.9777	186066.2094	61.0016	43.5719	61.0016	43.5719
2019-12-27 08:39:03	1577407143	547	1	158131.2274	201680.7040	53.9354	44.0432	53.9354	44.0432
2019-12-27 08:39:04	1577407144	554	0	18653.9382	186109.9470	60.9605	43.7376	60.9605	43.7376
2019-12-27 08:39:04	1577407144	554	1	158185.2265	201724.7894	53.9991	44.0854	53.9991	44.0854
2019-12-27 08:39:05	1577407145	561	0	18714.8795	186153.6584	60.9413	43.7115	60.9413	43.7115
2019-12-27 08:39:05	1577407145	561	1	158239.1840	201768.8699	53.9575	44.0806	53.9575	44.0806
2019-12-27 08:39:06	1577407146	568	0	18775.8613	186197.4873	60.9818	43.8289	60.9818	43.8289
2019-12-27 08:39:06	1577407146	568	1	158293.1597	201812.8892	53.9757	44.0192	53.9757	44.0192
2019-12-27 08:39:07	1577407147	575	0	18836.8160	186241.3115	60.9548	43.8242	60.9548	43.8242
2019-12-27 08:39:07	1577407147	575	1	158347.1558	201856.9881	53.9962	44.0989	53.9962	44.0989
2019-12-27 08:39:08	1577407148	583	0	18897.9525	186285.1502	61.1364	43.8387	61.1364	43.8387
2019-12-27 08:39:08	1577407148	583	1	158401.2025	201901.0516	54.0467	44.0635	54.0467	44.0635
2019-12-27 08:39:09	1577407149	590	0	18958.8760	186328.9132	60.9235	43.7630	60.9235	43.7630
2019-12-27 08:39:09	1577407149	590	1	158455.2393	201945.0532	54.0367	44.0015	54.0367	44.0015
2019-12-27 08:39:10	1577407150	597	0	19019.8282	186372.6838	60.9522	43.7706	60.9522	43.7706
2019-12-27 08:39:10	1577407150	597	1	158509.2957	201989.0681	54.0565	44.0149	54.0565	44.0149
2019-12-27 08:39:11	1577407151	604	0	19081.2507	186416.3575	61.4225	43.6736	61.4225	43.6736
2019-12-27 08:39:11	1577407151	604	1	158563.4280	202033.2107	54.1323	44.1426	54.1323	44.1426
2019-12-27 08:39:12	1577407152	611	0	19142.3651	186460.0284	61.1144	43.6710	61.1144	43.6710
2019-12-27 08:39:12	1577407152	611	1	158617.5046	202077.2905	54.0766	44.0798	54.0766	44.0798
2019-12-27 08:39:13	1577407153	618	0	19203.4196	186503.8965	61.0544	43.8681	61.0544	43.8681
2019-12-27 08:39:13	1577407153	618	1	158671.6451	202121.3827	54.1405	44.0922	54.1405	44.0922
2019-12-27 08:39:14	1577407154	625	0	19264.4075	186547.7325	60.9879	43.8360	60.9879	43.8360
2019-12-27 08:39:14	1577407154	625	1	158725.7275	202165.5336	54.0823	44.1509	54.0823	44.1509
2019-12-27 08:39:15	1577407155	632	0	19325.4324	186591.5953	61.0249	43.8627	61.0249	43.8627
2019-12-27 08:39:15	1577407155	632	1	158779.7648	202209.6479	54.0374	44.1143	54.0374	44.1143
2019-12-27 08:39:16	1577407156	639	0	19386.4062	186635.5266	60.9738	43.9313	60.9738	43.9313
2019-12-27 08:39:16	1577407156	639	1	158833.8467	202253.7543	54.0818	44.1064	54.0818	44.1064
2019-12-27 08:39:17	1577407157	646	0	19446.8330	186679.3356	60.4268	43.8090	60.4268	43.8090
2019-12-27 08:39:17	1577407157	646	1	158887.7136	202297.8160	53.8669	44.0618	53.8669	44.0618
2019-12-27 08:39:18	1577407158	653	0	19507.1616	186723.1565	60.3286	43.8209	60.3286	43.8209
2019-12-27 08:39:18	1577407158	653	1	158941.5571	202341.9461	53.8434	44.1301	53.8434	44.1301
2019-12-27 08:39:19	1577407159	660	0	19567.4697	186766.8208	60.3081	43.6643	60.3081	43.6643
2019-12-27 08:39:19	1577407159	660	1	158995.4018	202386.0481	53.8447	44.1020	53.8447	44.1020
2019-12-27 08:39:20	1577407160	667	0	19627.8804	186810.4932	60.4108	43.6724	60.4108	43.6724
2019-12-27 08:39:20	1577407160	667	1	159049.2416	202430.1184	53.8398	44.0703	53.8398	44.0703
2019-12-27 08:39:21	1577407161	674	0	19688.1789	186854.2523	60.2985	43.7592	60.2985	43.7592
2019-12-27 08:39:21	1577407161	674	1	159103.1373	202474.2302	53.8958	44.1118	53.8958	44.1118
2019-12-27 08:39:22	1577407162	682	0	19748.5439	186898.0464	60.3650	43.7941	60.3650	43.7941
2019-12-27 08:39:22	1577407162	682	1	159156.9719	202518.3336	53.8345	44.1033	53.8345	44.1033
2019-12-27 08:39:23	1577407163	689	0	19809.0933	186941.8744	60.5494	43.8280	60.5494	43.8280
2019-12-27 08:39:23	1577407163	689	1	159210.8065	202562.4698	53.8347	44.1362	53.8347	44.1362
2019-12-27 08:39:24	1577407164	696	0	19869.2620	186985.7004	60.1687	43.8260	60.1687	43.8260
2019-12-27 08:39:24	1577407164	696	1	159264.6418	202606.4916	53.8353	44.0218	53.8353	44.0218
2019-12-27 08:39:25	1577407165	703	0	19929.9836	187029.5532	60.7217	43.8528	60.7217	43.8528
2019-12-27 08:39:25	1577407165	703	1	159318.5801	202650.6360	53.9383	44.1445	53.9383	44.1445
2019-12-27 08:39:26	1577407166	711	0	19990.4357	187073.3127	60.4521	43.7595	60.4521	43.7595
2019-12-27 08:39:26	1577407166	711	1	159372.4227	202694.7954	53.8427	44.1594	53.8427	44.1594
2019-12-27 08:39:27	1577407167	718	0	20050.5353	187117.0807	60.0996	43.7680	60.0996	43.7680
2019-12-27 08:39:27	1577407167	718	1	159426.3162	202738.9110	53.8934	44.1156	53.8934	44.1156
2019-12-27 08:39:28	1577407168	725	0	20110.6027	187160.7203	60.0673	43.6395	60.0673	43.6395
2019-12-27 08:39:28	1577407168	725	1	159480.1583	202783.0129	53.8422	44.1019	53.8422	44.1019
2019-12-27 08:39:29	1577407169	732	0	20170.9756	187204.4160	60.3730	43.6957	60.3730	43.6957
2019-12-27 08:39:29	1577407169	732	1	159534.0019	202827.1267	53.8436	44.1138	53.8436	44.1138
2019-12-27 08:39:30	1577407170	739	0	20231.5413	187247.9986	60.5657	43.5826	60.5657	43.5826
2019-12-27 08:39:30	1577407170	739	1	159587.7899	202871.0855	53.7880	43.9588	53.7880	43.9588
2019-12-27 08:39:31	1577407171	746	0	20292.5873	187291.7070	61.0460	43.7084	61.0460	43.7084
2019-12-27 08:39:31	1577407171	746	1	159641.6377	202915.2179	53.8478	44.1324	53.8478	44.1324
2019-12-27 08:39:32	1577407172	753	0	20352.8174	187335.4066	60.2301	43.6996	60.2301	43.6996
2019-12-27 08:39:32	1577407172	753	1	159695.5355	202959.4115	53.8978	44.1936	53.8978	44.1936
2019-12-27 08:39:33	1577407173	760	0	20412.8223	187378.5159	60.0049	43.1093	60.0049	43.1093
2019-12-27 08:39:33	1577407173	760	1	159749.3877	203003.4560	53.8522	44.0445	53.8522	44.0445
2019-12-27 08:39:34	1577407174	767	0	20472.8164	187421.9601	59.9941	43.4442	59.9941	43.4442
2019-12-27 08:39:34	1577407174	767	1	159803.2369	203047.5431	53.8492	44.0871	53.8492	44.0871
2019-12-27 08:39:35	1577407175	774	0	20532.8636	187465.2205	60.0472	43.2604	60.0472	43.2604
2019-12-27 08:39:35	1577407175	774	1	159857.0836	203091.6183	53.8466	44.0752	53.8466	44.0752
2019-12-27 08:39:36	1577407176	781	0	20592.8206	187508.7030	59.9569	43.4825	59.9569	43.4825
2019-12-27 08:39:36	1577407176	781	1	159910.9272	203135.7357	53.8437	44.1174	53.8437	44.1174
2019-12-27 08:39:37	1577407177	788	0	20652.6650	187552.0412	59.8445	43.3382	59.8445	43.3382
2019-12-27 08:39:37	1577407177	788	1	159964.8311	203179.8123	53.9039	44.0767	53.9039	44.0767
2019-12-27 08:39:38	1577407178	796	0	20712.5939	187595.4307	59.9289	43.3895	59.9289	43.3895
2019-12-27 08:39:38	1577407178	796	1	160018.6742	203223.8046	53.8431	43.9922	53.8431	43.9922
2019-12-27 08:39:39	1577407179	803	0	20772.4112	187638.7746	59.8173	43.3439	59.8173	43.3439
2019-12-27 08:39:39	1577407179	803	1	160072.5136	203267.8370	53.8394	44.0325	53.8394	44.0325
2019-12-27 08:39:40	1577407180	810	0	20832.2678	187682.1724	59.8566	43.3978	59.8566	43.3978
2019-12-27 08:39:40	1577407180	810	1	160126.3554	203311.8998	53.8418	44.0627	53.8418	44.0627
2019-12-27 08:39:41	1577407181	817	0	20892.3207	187725.5359	60.0529	43.3635	60.0529	43.3635
2019-12-27 08:39:41	1577407181	817	1	160180.2669	203355.9891	53.9115	44.0893	53.9115	44.0893
2019-12-27 08:39:42	1577407182	824	0	20952.7452	187768.9042	60.4245	43.3683	60.4245	43.3683
2019-12-27 08:39:42	1577407182	824	1	160234.4314	203399.9969	54.1645	44.0079	54.1645	44.0079
2019-12-27 08:39:43	1577407183	830	0	21027.3387	187806.6281	74.5936	37.7239	74.5936	37.7239
2019-12-27 08:39:43	1577407183	830	1	160301.0490	203435.1370	66.6176	35.1400	66.6176	35.1400
2019-12-27 08:39:44	1577407184	836	0	21089.7154	187849.7643	62.3766	43.1362	62.3766	43.1362
2019-12-27 08:39:44	1577407184	836	1	160356.9591	203478.9354	55.9102	43.7984	55.9102	43.7984
2019-12-27 08:39:45	1577407185	843	0	21149.7293	187893.0420	60.0139	43.2777	60.0139	43.2777
2019-12-27 08:39:45	1577407185	843	1	160410.8577	203522.9547	53.8986	44.0193	53.8986	44.0193
2019-12-27 08:39:46	1577407186	850	0	21209.8774	187936.2945	60.1481	43.2525	60.1481	43.2525
2019-12-27 08:39:46	1577407186	850	1	160464.7938	203567.0539	53.9360	44.0992	53.9360	44.0992
2019-12-27 08:39:47	1577407187	857	0	21270.4536	187979.7384	60.5762	43.4439	60.5762	43.4439
2019-12-27 08:39:47	1577407187	857	1	160518.7964	203611.1340	54.0027	44.0801	54.0027	44.0801
2019-12-27 08:39:48	1577407188	864	0	21330.7820	188023.0341	60.3284	43.2957	60.3284	43.2957
2019-12-27 08:39:48	1577407188	864	1	160572.8773	203655.3061	54.0809	44.1721	54.0809	44.1721
2019-12-27 08:39:49	1577407189	871	0	21391.2349	188066.3569	60.4529	43.3229	60.4529	43.3229
2019-12-27 08:39:49	1577407189	871	1	160627.0140	203699.4036	54.1367	44.0975	54.1367	44.0975
2019-12-27 08:39:50	1577407190	878	0	21451.7400	188109.6878	60.5051	43.3309	60.5051	43.3309
2019-12-27 08:39:50	1577407190	878	1	160681.2141	203743.4756	54.2000	44.0720	54.2000	44.0720
2019-12-27 08:39:51	1577407191	885	0	21512.3007	188153.1276	60.5607	43.4398	60.5607	43.4398
2019-12-27 08:39:51	1577407191	885	1	160735.4337	203787.5924	54.2196	44.1168	54.2196	44.1168
2019-12-27 08:39:52	1577407192	892	0	21572.8856	188196.5593	60.5850	43.4316	60.5850	43.4316
2019-12-27 08:39:52	1577407192	892	1	160789.6998	203831.7043	54.2662	44.1119	54.2662	44.1119
2019-12-27 08:39:53	1577407193	899	0	21633.5880	188239.8668	60.7024	43.3076	60.7024	43.3076
2019-12-27 08:39:53	1577407193	899	1	160843.9935	203875.7302	54.2936	44.0259	54.2936	44.0259
2019-12-27 08:39:54	1577407194	906	0	21694.1647	188283.1961	60.5767	43.3293	60.5767	43.3293
2019-12-27 08:39:54	1577407194	906	1	160898.3368	203919.8889	54.3433	44.1587	54.3433	44.1587
2019-12-27 08:39:55	1577407195	913	0	21754.9921	188326.6908	60.8274	43.4947	60.8274	43.4947
2019-12-27 08:39:55	1577407195	913	1	160952.7806	203964.0475	54.4438	44.1586	54.4438	44.1586
2019-12-27 08:39:56	1577407196	920	0	21815.6277	188370.1697	60.6356	43.4789	60.6356	43.4789
2019-12-27 08:39:56	1577407196	920	1	161007.1556	204008.1625	54.3749	44.1150	54.3749	44.1150
2019-12-27 08:39:57	1577407197	927	0	21876.2534	188413.5081	60.6256	43.3383	60.6256	43.3383
2019-12-27 08:39:57	1577407197	927	1	161061.5439	204052.2247	54.3883	44.0621	54.3883	44.0621
2019-12-27 08:39:58	1577407198	934	0	21936.8740	188456.9926	60.6206	43.4845	60.6206	43.4845
2019-12-27 08:39:58	1577407198	934	1	161115.9669	204096.3792	54.4230	44.1545	54.4230	44.1545
2019-12-27 08:39:59	1577407199	941	0	21997.5760	188500.3022	60.7020	43.3097	60.7020	43.3097
2019-12-27 08:39:59	1577407199	941	1	161170.4209	204140.4324	54.4540	44.0532	54.4540	44.0532
2019-12-27 08:40:00	1577407200	948	0	22058.2463	188543.6365	60.6703	43.3342	60.6703	43.3342
2019-12-27 08:40:00	1577407200	948	1	161224.8472	204184.5986	54.4263	44.1661	54.4263	44.1661
2019-12-27 08:40:01	1577407201	955	0	22118.8603	188587.0869	60.6140	43.4504	60.6140	43.4504
2019-12-27 08:40:01	1577407201	955	1	161278.9618	204228.7343	54.1146	44.1357	54.1146	44.1357
2019-12-27 08:40:02	1577407202	961	0	22180.3290	188630.5671	61.4688	43.4803	61.4688	43.4803
2019-12-27 08:40:02	1577407202	961	1	161333.4200	204272.7958	54.4582	44.0615	54.4582	44.0615
2019-12-27 08:40:03	1577407203	969	0	22240.9620	188673.7338	60.6329	43.1667	60.6329	43.1667
2019-12-27 08:40:03	1577407203	969	1	161387.4911	204317.0651	54.0711	44.2693	54.0711	44.2693
2019-12-27 08:40:04	1577407204	976	0	22301.6334	188717.0799	60.6714	43.3461	60.6714	43.3461
2019-12-27 08:40:04	1577407204	976	1	161441.5358	204361.3221	54.0447	44.2570	54.0447	44.2570
2019-12-27 08:40:05	1577407205	983	0	22362.3374	188760.5637	60.7040	43.4838	60.7040	43.4838
2019-12-27 08:40:05	1577407205	983	1	161495.5340	204405.5134	53.9982	44.1913	53.9982	44.1913
2019-12-27 08:40:06	1577407206	990	0	22423.0042	188804.0431	60.6667	43.4794	60.6667	43.4794
2019-12-27 08:40:06	1577407206	990	1	161549.5067	204449.6655	53.9727	44.1521	53.9727	44.1521
2019-12-27 08:40:07	1577407207	997	0	22483.7397	188847.4572	60.7356	43.4141	60.7356	43.4141
2019-12-27 08:40:07	1577407207	997	1	161603.4805	204493.8629	53.9738	44.1974	53.9738	44.1974
2019-12-27 08:40:09	1577407209	4	0	22544.4430	188890.8350	60.7032	43.3778	60.7032	43.3778
2019-12-27 08:40:09	1577407209	4	1	161657.4723	204537.9238	53.9918	44.0610	53.9918	44.0610
2019-12-27 08:40:10	1577407210	11	0	22605.1782	188934.4344	60.7352	43.5994	60.7352	43.5994
2019-12-27 08:40:10	1577407210	11	1	161711.4869	204582.0545	54.0146	44.1307	54.0146	44.1307
2019-12-27 08:40:11	1577407211	18	0	22665.4151	188977.8934	60.2369	43.4590	60.2369	43.4590
2019-12-27 08:40:11	1577407211	18	1	161765.4022	204626.3004	53.9153	44.2458	53.9153	44.2458
2019-12-27 08:40:12	1577407212	25	0	22725.5240	189021.5316	60.1089	43.6382	60.1089	43.6382
2019-12-27 08:40:12	1577407212	25	1	161819.3578	204670.5189	53.9556	44.2185	53.9556	44.2185
2019-12-27 08:40:13	1577407213	32	0	22785.8203	189065.1674	60.2962	43.6358	60.2962	43.6358
2019-12-27 08:40:13	1577407213	32	1	161873.2559	204714.7424	53.8981	44.2236	53.8981	44.2236
2019-12-27 08:40:14	1577407214	39	0	22846.0144	189108.6362	60.1942	43.4688	60.1942	43.4688
2019-12-27 08:40:14	1577407214	39	1	161927.1089	204758.9793	53.8531	44.2369	53.8531	44.2369
2019-12-27 08:40:15	1577407215	46	0	22906.1068	189152.1306	60.0923	43.4944	60.0923	43.4944
2019-12-27 08:40:15	1577407215	46	1	161980.9653	204803.2068	53.8563	44.2275	53.8563	44.2275
2019-12-27 08:40:16	1577407216	54	0	22966.5486	189195.7488	60.4419	43.6183	60.4419	43.6183
2019-12-27 08:40:16	1577407216	54	1	162034.8224	204847.3417	53.8571	44.1349	53.8571	44.1349
2019-12-27 08:40:17	1577407217	61	0	23026.6612	189239.1239	60.1125	43.3751	60.1125	43.3751
2019-12-27 08:40:17	1577407217	61	1	162088.7324	204891.5942	53.9100	44.2524	53.9100	44.2524
2019-12-27 08:40:18	1577407218	68	0	23086.7917	189282.6492	60.1305	43.5253	60.1305	43.5253
2019-12-27 08:40:18	1577407218	68	1	162142.5378	204935.8376	53.8054	44.2434	53.8054	44.2434
2019-12-27 08:40:19	1577407219	75	0	23146.8144	189326.2318	60.0227	43.5825	60.0227	43.5825
2019-12-27 08:40:19	1577407219	75	1	162196.4523	204980.1251	53.9146	44.2875	53.9146	44.2875
2019-12-27 08:40:20	1577407220	82	0	23206.9090	189369.7156	60.0946	43.4839	60.0946	43.4839
2019-12-27 08:40:20	1577407220	82	1	162250.3124	205024.5061	53.8600	44.3810	53.8600	44.3810
2019-12-27 08:40:21	1577407221	89	0	23266.9718	189413.2822	60.0628	43.5666	60.0628	43.5666
2019-12-27 08:40:21	1577407221	89	1	162304.1733	205068.7077	53.8610	44.2016	53.8610	44.2016
2019-12-27 08:40:22	1577407222	96	0	23326.9919	189456.5452	60.0201	43.2629	60.0201	43.2629
2019-12-27 08:40:22	1577407222	96	1	162358.0374	205112.8804	53.8640	44.1727	53.8640	44.1727
2019-12-27 08:40:23	1577407223	103	0	23387.0283	189499.9577	60.0364	43.4125	60.0364	43.4125
2019-12-27 08:40:23	1577407223	103	1	162411.9014	205157.1313	53.8640	44.2510	53.8640	44.2510
2019-12-27 08:40:24	1577407224	110	0	23447.1845	189543.5765	60.1562	43.6188	60.1562	43.6188
2019-12-27 08:40:24	1577407224	110	1	162465.7741	205201.4465	53.8727	44.3152	53.8727	44.3152
2019-12-27 08:40:25	1577407225	117	0	23507.1602	189587.0398	59.9756	43.4633	59.9756	43.4633
2019-12-27 08:40:25	1577407225	117	1	162519.6399	205245.6901	53.8658	44.2436	53.8658	44.2436
2019-12-27 08:40:26	1577407226	124	0	23567.7282	189630.7158	60.5681	43.6760	60.5681	43.6760
2019-12-27 08:40:26	1577407226	124	1	162573.5854	205289.9313	53.9456	44.2412	53.9456	44.2412
2019-12-27 08:40:27	1577407227	131	0	23627.8240	189674.3009	60.0958	43.5851	60.0958	43.5851
2019-12-27 08:40:27	1577407227	131	1	162627.4663	205334.1675	53.8809	44.2362	53.8809	44.2362
2019-12-27 08:40:28	1577407228	138	0	23687.7875	189717.9411	59.9635	43.6402	59.9635	43.6402
2019-12-27 08:40:28	1577407228	138	1	162681.3184	205378.2667	53.8521	44.0991	53.8521	44.0991
2019-12-27 08:40:29	1577407229	146	0	23747.8607	189761.6578	60.0732	43.7167	60.0732	43.7167
2019-12-27 08:40:29	1577407229	146	1	162735.1662	205422.5475	53.8478	44.2809	53.8478	44.2809
2019-12-27 08:40:30	1577407230	153	0	23807.8242	189805.3172	59.9635	43.6594	59.9635	43.6594
2019-12-27 08:40:30	1577407230	153	1	162788.9869	205466.6675	53.8207	44.1200	53.8207	44.1200
2019-12-27 08:40:31	1577407231	160	0	23867.9499	189848.8598	60.1257	43.5426	60.1257	43.5426
2019-12-27 08:40:31	1577407231	160	1	162842.8093	205510.9123	53.8224	44.2448	53.8224	44.2448
2019-12-27 08:40:32	1577407232	166	0	23928.7739	189892.5640	60.8240	43.7042	60.8240	43.7042
2019-12-27 08:40:32	1577407232	166	1	162896.6177	205555.1865	53.8084	44.2742	53.8084	44.2742
2019-12-27 08:40:33	1577407233	173	0	23988.7958	189936.2112	60.0219	43.6472	60.0219	43.6472
2019-12-27 08:40:33	1577407233	173	1	162950.4155	205599.4428	53.7979	44.2563	53.7979	44.2563
2019-12-27 08:40:34	1577407234	180	0	24048.6141	189979.6451	59.8182	43.4339	59.8182	43.4339
2019-12-27 08:40:34	1577407234	180	1	163004.2110	205643.7484	53.7955	44.3056	53.7955	44.3056
2019-12-27 08:40:35	1577407235	188	0	24108.6140	190023.2228	59.9999	43.5776	59.9999	43.5776
2019-12-27 08:40:35	1577407235	188	1	163057.9376	205688.0678	53.7266	44.3194	53.7266	44.3194
2019-12-27 08:40:36	1577407236	195	0	24168.4645	190066.9125	59.8505	43.6898	59.8505	43.6898
2019-12-27 08:40:36	1577407236	195	1	163111.6137	205732.3430	53.6761	44.2751	53.6761	44.2751
2019-12-27 08:40:37	1577407237	202	0	24236.9293	190106.4915	68.4648	39.5790	68.4648	39.5790
2019-12-27 08:40:37	1577407237	202	1	163172.3823	205769.8058	60.7686	37.4629	60.7686	37.4629
2019-12-27 08:40:38	1577407238	206	0	24306.9987	190146.7377	70.0694	40.2462	70.0694	40.2462
2019-12-27 08:40:38	1577407238	206	1	163234.2342	205810.2009	61.8519	40.3951	61.8519	40.3951
2019-12-27 08:40:39	1577407239	212	0	24367.0901	190190.3649	60.0915	43.6272	60.0915	43.6272
2019-12-27 08:40:39	1577407239	212	1	163288.1202	205854.3832	53.8860	44.1823	53.8860	44.1823
2019-12-27 08:40:40	1577407240	220	0	24427.2872	190233.9814	60.1970	43.6165	60.1970	43.6165
2019-12-27 08:40:40	1577407240	220	1	163341.9682	205898.6228	53.8480	44.2396	53.8480	44.2396
2019-12-27 08:40:41	1577407241	227	0	24487.6028	190277.5500	60.3157	43.5686	60.3157	43.5686
2019-12-27 08:40:41	1577407241	227	1	163395.8134	205942.9373	53.8452	44.3145	53.8452	44.3145
2019-12-27 08:40:42	1577407242	234	0	24548.0541	190321.1425	60.4512	43.5925	60.4512	43.5925
2019-12-27 08:40:42	1577407242	234	1	163449.6710	205987.3003	53.8575	44.3630	53.8575	44.3630
2019-12-27 08:40:43	1577407243	241	0	24608.8574	190364.8419	60.8033	43.6994	60.8033	43.6994
2019-12-27 08:40:43	1577407243	241	1	163503.6367	206031.6815	53.9658	44.3812	53.9658	44.3812
2019-12-27 08:40:44	1577407244	248	0	24669.4005	190408.3937	60.5432	43.5518	60.5432	43.5518
2019-12-27 08:40:44	1577407244	248	1	163557.5231	206076.0049	53.8864	44.3234	53.8864	44.3234
2019-12-27 08:40:45	1577407245	255	0	24730.0852	190452.0749	60.6847	43.6812	60.6847	43.6812
2019-12-27 08:40:45	1577407245	255	1	163611.4142	206120.3032	53.8912	44.2983	53.8912	44.2983
2019-12-27 08:40:46	1577407246	262	0	24791.1990	190495.8155	61.1138	43.7406	61.1138	43.7406
2019-12-27 08:40:46	1577407246	262	1	163665.3062	206164.6337	53.8920	44.3305	53.8920	44.3305
2019-12-27 08:40:47	1577407247	268	0	24851.8187	190539.2491	60.6197	43.4337	60.6197	43.4337
2019-12-27 08:40:47	1577407247	268	1	163719.2157	206208.9485	53.9095	44.3148	53.9095	44.3148
2019-12-27 08:40:48	1577407248	276	0	24912.4904	190583.0527	60.6717	43.8035	60.6717	43.8035
2019-12-27 08:40:48	1577407248	276	1	163773.1234	206253.2648	53.9077	44.3163	53.9077	44.3163
2019-12-27 08:40:49	1577407249	283	0	24973.2225	190626.8331	60.7321	43.7805	60.7321	43.7805
2019-12-27 08:40:49	1577407249	283	1	163827.0372	206297.6626	53.9138	44.3978	53.9138	44.3978
2019-12-27 08:40:50	1577407250	289	0	25033.9658	190670.4276	60.7433	43.5944	60.7433	43.5944
2019-12-27 08:40:50	1577407250	289	1	163880.9824	206342.0084	53.9452	44.3458	53.9452	44.3458
2019-12-27 08:40:51	1577407251	296	0	25094.7085	190714.1550	60.7427	43.7274	60.7427	43.7274
2019-12-27 08:40:51	1577407251	296	1	163934.9036	206386.3735	53.9211	44.3651	53.9211	44.3651
2019-12-27 08:40:52	1577407252	303	0	25155.4420	190757.7441	60.7335	43.5892	60.7335	43.5892
2019-12-27 08:40:52	1577407252	303	1	163988.8334	206430.7717	53.9298	44.3983	53.9298	44.3983
2019-12-27 08:40:53	1577407253	310	0	25216.1689	190801.4675	60.7269	43.7233	60.7269	43.7233
2019-12-27 08:40:53	1577407253	310	1	164042.7621	206475.1837	53.9287	44.4119	53.9287	44.4119
2019-12-27 08:40:54	1577407254	317	0	25276.9706	190844.9243	60.8018	43.4568	60.8018	43.4568
2019-12-27 08:40:54	1577407254	317	1	164096.6910	206519.6848	53.9290	44.5011	53.9290	44.5011
2019-12-27 08:40:55	1577407255	324	0	25337.7533	190888.6445	60.7827	43.7203	60.7827	43.7203
2019-12-27 08:40:55	1577407255	324	1	164150.6259	206564.1157	53.9349	44.4309	53.9349	44.4309
2019-12-27 08:40:56	1577407256	331	0	25398.7067	190932.3214	60.9534	43.6768	60.9534	43.6768
2019-12-27 08:40:56	1577407256	331	1	164204.5898	206608.5517	53.9639	44.4360	53.9639	44.4360
2019-12-27 08:40:57	1577407257	339	0	25459.7346	190976.1255	61.0279	43.8041	61.0279	43.8041
2019-12-27 08:40:57	1577407257	339	1	164258.6868	206652.9151	54.0970	44.3634	54.0970	44.3634
2019-12-27 08:40:58	1577407258	346	0	25520.5830	191019.6778	60.8484	43.5523	60.8484	43.5523
2019-12-27 08:40:58	1577407258	346	1	164312.6393	206697.2388	53.9525	44.3237	53.9525	44.3237
2019-12-27 08:40:59	1577407259	353	0	25581.3433	191063.4507	60.7603	43.7729	60.7603	43.7729
2019-12-27 08:40:59	1577407259	353	1	164366.5916	206741.6592	53.9523	44.4203	53.9523	44.4203
2019-12-27 08:41:00	1577407260	360	0	25642.1330	191107.2285	60.7897	43.7778	60.7897	43.7778
2019-12-27 08:41:00	1577407260	360	1	164420.5554	206786.0788	53.9638	44.4196	53.9638	44.4196
2019-12-27 08:41:01	1577407261	367	0	25702.9181	191150.9652	60.7851	43.7367	60.7851	43.7367
2019-12-27 08:41:01	1577407261	367	1	164474.5117	206830.4846	53.9563	44.4058	53.9563	44.4058
2019-12-27 08:41:02	1577407262	374	0	25763.6885	191194.6420	60.7704	43.6768	60.7704	43.6768
2019-12-27 08:41:02	1577407262	374	1	164528.4836	206874.8982	53.9719	44.4136	53.9719	44.4136
2019-12-27 08:41:03	1577407263	381	0	25824.4600	191238.1373	60.7715	43.4952	60.7715	43.4952
2019-12-27 08:41:03	1577407263	381	1	164582.4949	206919.3711	54.0113	44.4729	54.0113	44.4729
2019-12-27 08:41:04	1577407264	388	0	25885.1944	191281.9182	60.7344	43.7809	60.7344	43.7809
2019-12-27 08:41:04	1577407264	388	1	164636.4503	206963.8115	53.9553	44.4404	53.9553	44.4404
2019-12-27 08:41:05	1577407265	395	0	25945.3854	191325.6010	60.1910	43.6829	60.1910	43.6829
2019-12-27 08:41:05	1577407265	395	1	164690.2961	207008.2602	53.8459	44.4487	53.8459	44.4487
2019-12-27 08:41:06	1577407266	402	0	26005.7127	191369.3469	60.3273	43.7458	60.3273	43.7458
2019-12-27 08:41:06	1577407266	402	1	164744.1420	207052.6703	53.8459	44.4102	53.8459	44.4102
2019-12-27 08:41:07	1577407267	410	0	26066.0775	191413.0836	60.3648	43.7367	60.3648	43.7367
2019-12-27 08:41:07	1577407267	410	1	164797.9915	207097.1049	53.8495	44.4346	53.8495	44.4346
2019-12-27 08:41:08	1577407268	417	0	26126.1884	191456.7524	60.1109	43.6689	60.1109	43.6689
2019-12-27 08:41:08	1577407268	417	1	164851.8474	207141.5576	53.8558	44.4527	53.8558	44.4527
2019-12-27 08:41:09	1577407269	423	0	26186.4336	191500.6577	60.2452	43.9052	60.2452	43.9052
2019-12-27 08:41:09	1577407269	423	1	164905.7004	207186.0139	53.8531	44.4563	53.8531	44.4563
2019-12-27 08:41:10	1577407270	431	0	26246.5449	191544.3093	60.1113	43.6516	60.1113	43.6516
2019-12-27 08:41:10	1577407270	431	1	164959.5604	207230.5219	53.8599	44.5079	53.8599	44.5079
2019-12-27 08:41:11	1577407271	438	0	26306.6366	191588.0052	60.0917	43.6960	60.0917	43.6960
2019-12-27 08:41:11	1577407271	438	1	165013.4169	207274.9527	53.8566	44.4308	53.8566	44.4308
2019-12-27 08:41:12	1577407272	445	0	26366.7880	191631.7648	60.1514	43.7596	60.1514	43.7596
2019-12-27 08:41:12	1577407272	445	1	165067.3175	207319.3363	53.9006	44.3836	53.9006	44.3836
2019-12-27 08:41:13	1577407273	452	0	26427.4100	191675.4579	60.6220	43.6931	60.6220	43.6931
2019-12-27 08:41:13	1577407273	452	1	165121.2446	207363.8408	53.9271	44.5045	53.9271	44.5045
2019-12-27 08:41:14	1577407274	459	0	26487.5511	191719.1705	60.1411	43.7126	60.1411	43.7126
2019-12-27 08:41:14	1577407274	459	1	165175.1058	207408.3842	53.8612	44.5433	53.8612	44.5433
2019-12-27 08:41:15	1577407275	466	0	26547.6093	191763.0338	60.0582	43.8633	60.0582	43.8633
2019-12-27 08:41:15	1577407275	466	1	165228.9605	207453.0002	53.8547	44.6161	53.8547	44.6161
2019-12-27 08:41:16	1577407276	474	0	26607.7653	191806.6956	60.1559	43.6617	60.1559	43.6617
2019-12-27 08:41:16	1577407276	474	1	165282.8636	207497.4207	53.9031	44.4205	53.9031	44.4205
2019-12-27 08:41:17	1577407277	481	0	26668.0184	191850.5725	60.2532	43.8770	60.2532	43.8770
2019-12-27 08:41:17	1577407277	481	1	165336.7134	207541.9484	53.8498	44.5276	53.8498	44.5276
2019-12-27 08:41:18	1577407278	488	0	26728.2321	191894.3228	60.2136	43.7502	60.2136	43.7502
2019-12-27 08:41:18	1577407278	488	1	165390.5529	207586.3860	53.8395	44.4376	53.8395	44.4376
2019-12-27 08:41:19	1577407279	495	0	26788.3209	191937.9174	60.0888	43.5946	60.0888	43.5946
2019-12-27 08:41:19	1577407279	495	1	165444.4057	207630.8730	53.8528	44.4870	53.8528	44.4870
2019-12-27 08:41:20	1577407280	502	0	26848.4180	191981.7332	60.0971	43.8159	60.0971	43.8159
2019-12-27 08:41:20	1577407280	502	1	165498.3054	207675.3666	53.8997	44.4936	53.8997	44.4936
2019-12-27 08:41:21	1577407281	509	0	26908.5491	192025.4292	60.1311	43.6960	60.1311	43.6960
2019-12-27 08:41:21	1577407281	509	1	165552.1615	207719.8595	53.8561	44.4929	53.8561	44.4929
2019-12-27 08:41:22	1577407282	516	0	26968.6280	192069.2886	60.0789	43.8594	60.0789	43.8594
2019-12-27 08:41:22	1577407282	516	1	165606.0062	207764.3347	53.8447	44.4752	53.8447	44.4752
2019-12-27 08:41:23	1577407283	524	0	27028.6136	192113.0241	59.9856	43.7355	59.9856	43.7355
2019-12-27 08:41:23	1577407283	524	1	165659.8493	207808.8005	53.8431	44.4658	53.8431	44.4658
2019-12-27 08:41:24	1577407284	531	0	27088.6227	192156.7982	60.0091	43.7740	60.0091	43.7740
2019-12-27 08:41:24	1577407284	531	1	165713.6754	207853.1961	53.8260	44.3956	53.8260	44.3956
2019-12-27 08:41:25	1577407285	538	0	27148.6589	192200.6370	60.0362	43.8388	60.0362	43.8388
2019-12-27 08:41:25	1577407285	538	1	165767.4918	207897.5996	53.8165	44.4035	53.8165	44.4035
2019-12-27 08:41:26	1577407286	545	0	27208.5927	192244.4280	59.9338	43.7910	59.9338	43.7910
2019-12-27 08:41:26	1577407286	545	1	165821.3496	207942.0027	53.8578	44.4031	53.8578	44.4031
2019-12-27 08:41:27	1577407287	552	0	27268.8651	192288.1042	60.2725	43.6762	60.2725	43.6762
2019-12-27 08:41:27	1577407287	552	1	165875.1586	207986.2906	53.8090	44.2878	53.8090	44.2878
2019-12-27 08:41:28	1577407288	559	0	27328.9868	192331.9396	60.1217	43.8354	60.1217	43.8354
2019-12-27 08:41:28	1577407288	559	1	165928.9093	208030.5980	53.7507	44.3074	53.7507	44.3074
2019-12-27 08:41:29	1577407289	566	0	27388.7599	192375.7455	59.7731	43.8059	59.7731	43.8059
2019-12-27 08:41:29	1577407289	566	1	165982.5566	208074.9257	53.6473	44.3276	53.6473	44.3276
2019-12-27 08:41:30	1577407290	574	0	27449.0474	192419.5895	60.2875	43.8440	60.2875	43.8440
2019-12-27 08:41:30	1577407290	574	1	166036.4877	208119.1758	53.9311	44.2501	53.9311	44.2501
2019-12-27 08:41:31	1577407291	579	0	27523.8765	192457.5766	74.8290	37.9871	74.8290	37.9871
2019-12-27 08:41:31	1577407291	579	1	166102.9818	208154.7128	66.4941	35.5370	66.4941	35.5370
2019-12-27 08:41:32	1577407292	585	0	27587.1470	192500.8086	63.2706	43.2320	63.2706	43.2320
2019-12-27 08:41:32	1577407292	585	1	166158.8333	208198.8383	55.8515	44.1255	55.8515	44.1255
2019-12-27 08:41:33	1577407293	592	0	27647.3897	192544.4503	60.2427	43.6417	60.2427	43.6417
2019-12-27 08:41:33	1577407293	592	1	166212.7184	208243.2623	53.8851	44.4240	53.8851	44.4240
2019-12-27 08:41:34	1577407294	599	0	27707.7902	192588.1873	60.4005	43.7371	60.4005	43.7371
2019-12-27 08:41:34	1577407294	599	1	166266.5624	208287.5618	53.8440	44.2996	53.8440	44.2996
2019-12-27 08:41:35	1577407295	606	0	27768.2984	192631.8148	60.5082	43.6274	60.5082	43.6274
2019-12-27 08:41:35	1577407295	606	1	166320.4144	208331.7548	53.8521	44.1929	53.8521	44.1929
2019-12-27 08:41:36	1577407296	613	0	27828.8715	192675.5146	60.5731	43.6999	60.5731	43.6999
2019-12-27 08:41:36	1577407296	613	1	166374.2687	208375.8704	53.8542	44.1157	53.8542	44.1157
2019-12-27 08:41:37	1577407297	620	0	27889.6166	192719.3321	60.7451	43.8174	60.7451	43.8174
2019-12-27 08:41:37	1577407297	620	1	166428.1171	208419.9698	53.8484	44.0994	53.8484	44.0994
2019-12-27 08:41:38	1577407298	627	0	27950.3963	192763.1562	60.7797	43.8242	60.7797	43.8242
2019-12-27 08:41:38	1577407298	627	1	166481.9789	208463.9757	53.8618	44.0059	53.8618	44.0059
2019-12-27 08:41:39	1577407299	634	0	28011.0607	192806.9630	60.6644	43.8067	60.6644	43.8067
2019-12-27 08:41:39	1577407299	634	1	166535.8480	208508.0453	53.8691	44.0696	53.8691	44.0696
2019-12-27 08:41:40	1577407300	641	0	28071.8665	192850.8176	60.8058	43.8546	60.8058	43.8546
2019-12-27 08:41:40	1577407300	641	1	166589.7256	208552.1176	53.8776	44.0723	53.8776	44.0723
2019-12-27 08:41:41	1577407301	648	0	28132.6038	192894.5779	60.7373	43.7603	60.7373	43.7603
2019-12-27 08:41:41	1577407301	648	1	166643.5983	208596.1460	53.8727	44.0284	53.8727	44.0284
2019-12-27 08:41:42	1577407302	655	0	28193.4014	192938.3362	60.7977	43.7583	60.7977	43.7583
2019-12-27 08:41:42	1577407302	655	1	166697.5286	208640.1051	53.9303	43.9591	53.9303	43.9591
2019-12-27 08:41:43	1577407303	662	0	28254.5573	192982.2855	61.1558	43.9493	61.1558	43.9493
2019-12-27 08:41:43	1577407303	662	1	166751.4733	208684.1606	53.9447	44.0555	53.9447	44.0555
2019-12-27 08:41:44	1577407304	669	0	28315.6470	193025.9846	61.0897	43.6991	61.0897	43.6991
2019-12-27 08:41:44	1577407304	669	1	166805.3755	208728.1743	53.9022	44.0136	53.9022	44.0136
2019-12-27 08:41:45	1577407305	676	0	28376.3885	193069.8774	60.7416	43.8928	60.7416	43.8928
2019-12-27 08:41:45	1577407305	676	1	166859.2786	208772.2001	53.9031	44.0258	53.9031	44.0258
2019-12-27 08:41:46	1577407306	683	0	28437.1848	193113.7455	60.7963	43.8681	60.7963	43.8681
2019-12-27 08:41:46	1577407306	683	1	166913.1858	208816.1950	53.9072	43.9949	53.9072	43.9949
2019-12-27 08:41:47	1577407307	690	0	28498.0651	193157.6642	60.8802	43.9187	60.8802	43.9187
2019-12-27 08:41:47	1577407307	690	1	166967.0945	208860.2433	53.9087	44.0483	53.9087	44.0483
2019-12-27 08:41:48	1577407308	697	0	28558.9013	193201.4781	60.8362	43.8139	60.8362	43.8139
2019-12-27 08:41:48	1577407308	697	1	167021.0128	208904.2438	53.9183	44.0005	53.9183	44.0005
2019-12-27 08:41:49	1577407309	704	0	28619.7595	193245.2537	60.8582	43.7756	60.8582	43.7756
2019-12-27 08:41:49	1577407309	704	1	167074.9084	208948.2455	53.8957	44.0017	53.8957	44.0017
2019-12-27 08:41:50	1577407310	711	0	28680.6317	193288.9655	60.8722	43.7118	60.8722	43.7118
2019-12-27 08:41:50	1577407310	711	1	167128.7975	208992.3159	53.8891	44.0704	53.8891	44.0704
2019-12-27 08:41:51	1577407311	718	0	28741.4083	193332.8220	60.7767	43.8565	60.7767	43.8565
2019-12-27 08:41:51	1577407311	718	1	167182.6960	209036.4258	53.8985	44.1099	53.8985	44.1099
2019-12-27 08:41:52	1577407312	725	0	28802.0916	193376.5944	60.6832	43.7724	60.6832	43.7724
2019-12-27 08:41:52	1577407312	725	1	167236.6027	209080.4699	53.9067	44.0441	53.9067	44.0441
2019-12-27 08:41:53	1577407313	732	0	28862.8884	193420.4618	60.7969	43.8674	60.7969	43.8674
2019-12-27 08:41:53	1577407313	732	1	167290.5047	209124.5121	53.9020	44.0422	53.9020	44.0422
2019-12-27 08:41:54	1577407314	739	0	28923.7241	193464.3232	60.8356	43.8614	60.8356	43.8614
2019-12-27 08:41:54	1577407314	739	1	167344.4145	209168.4976	53.9098	43.9855	53.9098	43.9855
2019-12-27 08:41:55	1577407315	746	0	28984.4910	193508.0641	60.7669	43.7409	60.7669	43.7409
2019-12-27 08:41:55	1577407315	746	1	167398.3291	209212.4153	53.9146	43.9177	53.9146	43.9177
2019-12-27 08:41:56	1577407316	753	0	29045.2079	193551.8439	60.7169	43.7798	60.7169	43.7798
2019-12-27 08:41:56	1577407316	753	1	167452.2360	209256.4504	53.9069	44.0351	53.9069	44.0351
2019-12-27 08:41:57	1577407317	760	0	29106.2567	193595.6960	61.0488	43.8521	61.0488	43.8521
2019-12-27 08:41:57	1577407317	760	1	167506.1882	209300.3972	53.9523	43.9467	53.9523	43.9467
2019-12-27 08:41:58	1577407318	767	0	29166.9592	193639.6030	60.7026	43.9070	60.7026	43.9070
2019-12-27 08:41:58	1577407318	767	1	167560.0623	209344.4122	53.8740	44.0151	53.8740	44.0151
2019-12-27 08:41:59	1577407319	774	0	29227.1742	193683.3619	60.2150	43.7589	60.2150	43.7589
2019-12-27 08:41:59	1577407319	774	1	167613.9058	209388.4641	53.8435	44.0519	53.8435	44.0519
2019-12-27 08:42:00	1577407320	781	0	29287.2360	193727.1915	60.0618	43.8297	60.0618	43.8297
2019-12-27 08:42:00	1577407320	781	1	167667.7481	209432.4791	53.8423	44.0150	53.8423	44.0150
2019-12-27 08:42:01	1577407321	788	0	29347.6219	193771.0790	60.3859	43.8875	60.3859	43.8875
2019-12-27 08:42:01	1577407321	788	1	167721.6404	209476.4944	53.8923	44.0153	53.8923	44.0153
2019-12-27 08:42:02	1577407322	794	0	29408.5322	193815.0589	60.9103	43.9799	60.9103	43.9799
2019-12-27 08:42:02	1577407322	794	1	167775.7653	209520.5369	54.1249	44.0424	54.1249	44.0424
2019-12-27 08:42:03	1577407323	802	0	29468.6078	193858.7294	60.0756	43.6705	60.0756	43.6705
2019-12-27 08:42:03	1577407323	802	1	167829.6042	209564.5973	53.8389	44.0604	53.8389	44.0604
2019-12-27 08:42:04	1577407324	809	0	29528.7631	193902.4673	60.1553	43.7379	60.1553	43.7379
2019-12-27 08:42:04	1577407324	809	1	167883.5059	209608.6579	53.9017	44.0606	53.9017	44.0606
2019-12-27 08:42:05	1577407325	816	0	29588.9017	193946.1333	60.1386	43.6660	60.1386	43.6660
2019-12-27 08:42:05	1577407325	816	1	167937.3467	209652.7162	53.8408	44.0583	53.8408	44.0583
2019-12-27 08:42:06	1577407326	823	0	29648.8848	193989.9871	59.9830	43.8538	59.9830	43.8538
2019-12-27 08:42:06	1577407326	823	1	167991.1902	209696.7360	53.8436	44.0197	53.8436	44.0197
2019-12-27 08:42:07	1577407327	830	0	29709.0147	194033.8469	60.1299	43.8598	60.1299	43.8598
2019-12-27 08:42:07	1577407327	830	1	168045.0345	209740.8591	53.8442	44.1232	53.8442	44.1232
2019-12-27 08:42:08	1577407328	838	0	29769.0042	194077.7026	59.9895	43.8557	59.9895	43.8557
2019-12-27 08:42:08	1577407328	838	1	168098.8734	209785.0170	53.8389	44.1579	53.8389	44.1579
2019-12-27 08:42:09	1577407329	845	0	29829.1431	194121.3543	60.1389	43.6517	60.1389	43.6517
2019-12-27 08:42:09	1577407329	845	1	168152.7695	209829.0513	53.8962	44.0342	53.8962	44.0342
2019-12-27 08:42:10	1577407330	852	0	29889.4187	194165.0963	60.2756	43.7420	60.2756	43.7420
2019-12-27 08:42:10	1577407330	852	1	168206.6055	209873.0881	53.8360	44.0368	53.8360	44.0368
2019-12-27 08:42:11	1577407331	859	0	29949.6671	194208.8562	60.2484	43.7599	60.2484	43.7599
2019-12-27 08:42:11	1577407331	859	1	168260.4589	209917.1753	53.8534	44.0872	53.8534	44.0872
2019-12-27 08:42:12	1577407332	866	0	30009.7854	194252.5852	60.1183	43.7290	60.1183	43.7290
2019-12-27 08:42:12	1577407332	866	1	168314.3531	209961.2297	53.8942	44.0544	53.8942	44.0544
2019-12-27 08:42:13	1577407333	873	0	30069.9238	194296.4859	60.1384	43.9007	60.1384	43.9007
2019-12-27 08:42:13	1577407333	873	1	168368.1940	210005.1934	53.8408	43.9637	53.8408	43.9637
2019-12-27 08:42:14	1577407334	881	0	30130.3918	194340.3143	60.4680	43.8284	60.4680	43.8284
2019-12-27 08:42:14	1577407334	881	1	168422.1371	210049.3036	53.9432	44.1102	53.9432	44.1102
2019-12-27 08:42:15	1577407335	888	0	30190.4724	194383.9832	60.0805	43.6689	60.0805	43.6689
2019-12-27 08:42:15	1577407335	888	1	168475.9739	210093.3214	53.8368	44.0178	53.8368	44.0178
2019-12-27 08:42:16	1577407336	895	0	30250.5658	194427.8042	60.0934	43.8210	60.0934	43.8210
2019-12-27 08:42:16	1577407336	895	1	168529.8665	210137.3331	53.8925	44.0117	53.8925	44.0117
2019-12-27 08:42:17	1577407337	902	0	30310.7106	194471.6866	60.1448	43.8824	60.1448	43.8824
2019-12-27 08:42:17	1577407337	902	1	168583.7089	210181.4117	53.8425	44.0786	53.8425	44.0786
2019-12-27 08:42:18	1577407338	909	0	30370.6616	194515.4963	59.9509	43.8098	59.9509	43.8098
2019-12-27 08:42:18	1577407338	909	1	168637.5515	210225.5139	53.8425	44.1022	53.8425	44.1022
2019-12-27 08:42:19	1577407339	916	0	30430.5593	194559.1548	59.8978	43.6584	59.8978	43.6584
2019-12-27 08:42:19	1577407339	916	1	168691.3858	210269.5483	53.8344	44.0345	53.8344	44.0345
2019-12-27 08:42:20	1577407340	923	0	30490.5076	194602.9517	59.9482	43.7969	59.9482	43.7969
2019-12-27 08:42:20	1577407340	923	1	168745.2169	210313.5921	53.8311	44.0438	53.8311	44.0438
2019-12-27 08:42:21	1577407341	930	0	30550.3872	194646.8831	59.8796	43.9314	59.8796	43.9314
2019-12-27 08:42:21	1577407341	930	1	168799.0395	210357.7006	53.8226	44.1085	53.8226	44.1085
2019-12-27 08:42:22	1577407342	938	0	30610.5098	194690.7245	60.1226	43.8414	60.1226	43.8414
2019-12-27 08:42:22	1577407342	938	1	168852.9022	210401.7754	53.8627	44.0748	53.8627	44.0748
2019-12-27 08:42:23	1577407343	945	0	30670.2933	194734.5247	59.7835	43.8002	59.7835	43.8002
2019-12-27 08:42:23	1577407343	945	1	168906.6537	210445.9641	53.7515	44.1887	53.7515	44.1887
2019-12-27 08:42:24	1577407344	952	0	30738.3521	194773.8450	68.0587	39.3203	68.0587	39.3203
2019-12-27 08:42:24	1577407344	952	1	168967.4778	210483.2982	60.8240	37.3341	60.8240	37.3341
2019-12-27 08:42:25	1577407345	956	0	30814.2166	194806.1761	75.8646	32.3311	75.8646	32.3311
2019-12-27 08:42:25	1577407345	956	1	169033.3068	210513.0589	65.8290	29.7607	65.8290	29.7607
2019-12-27 08:42:26	1577407346	960	0	30890.7861	194840.2972	76.5695	34.1211	76.5695	34.1211
2019-12-27 08:42:26	1577407346	960	1	169101.5278	210542.0582	68.2210	28.9993	68.2210	28.9993
2019-12-27 08:42:27	1577407347	963	0	30968.0302	194865.1227	77.2441	24.8255	77.2441	24.8255
2019-12-27 08:42:27	1577407347	963	1	169167.5829	210562.5674	66.0551	20.5092	66.0551	20.5092
2019-12-27 08:42:28	1577407348	967	0	31045.2601	194890.4896	77.2299	25.3668	77.2299	25.3668
2019-12-27 08:42:28	1577407348	967	1	169235.3387	210589.4331	67.7559	26.8657	67.7559	26.8657
2019-12-27 08:42:29	1577407349	971	0	31123.1353	194919.0753	77.8752	28.5857	77.8752	28.5857
2019-12-27 08:42:29	1577407349	971	1	169302.3862	210624.2589	67.0474	34.8257	67.0474	34.8257
2019-12-27 08:42:30	1577407350	975	0	31198.6554	194940.1106	75.5201	21.0353	75.5201	21.0353
2019-12-27 08:42:30	1577407350	975	1	169368.4597	210648.9758	66.0735	24.7169	66.0735	24.7169
2019-12-27 08:42:31	1577407351	979	0	31276.4941	194966.3270	77.8387	26.2164	77.8387	26.2164
2019-12-27 08:42:31	1577407351	979	1	169436.0312	210674.4807	67.5715	25.5049	67.5715	25.5049
2019-12-27 08:42:32	1577407352	983	0	31353.3344	194999.7867	76.8402	33.4597	76.8402	33.4597
2019-12-27 08:42:32	1577407352	983	1	169504.7941	210702.6425	68.7629	28.1618	68.7629	28.1618
2019-12-27 08:42:33	1577407353	987	0	31429.3599	195024.3827	76.0255	24.5960	76.0255	24.5960
2019-12-27 08:42:33	1577407353	987	1	169570.9727	210724.1389	66.1786	21.4964	66.1786	21.4964
2019-12-27 08:42:34	1577407354	991	0	31506.5198	195049.2598	77.1599	24.8771	77.1599	24.8771
2019-12-27 08:42:34	1577407354	991	1	169638.5152	210749.6017	67.5425	25.4628	67.5425	25.4628
2019-12-27 08:42:35	1577407355	995	0	31584.2159	195076.9050	77.6962	27.6452	77.6962	27.6452
2019-12-27 08:42:35	1577407355	995	1	169705.4249	210783.3945	66.9097	33.7928	66.9097	33.7928
2019-12-27 08:42:36	1577407356	999	0	31660.0437	195097.7194	75.8278	20.8144	75.8278	20.8144
2019-12-27 08:42:36	1577407356	999	1	169771.5591	210807.8945	66.1343	24.5000	66.1343	24.5000
2019-12-27 08:42:38	1577407358	3	0	31736.6685	195120.3942	76.6248	22.6747	76.6248	22.6747
2019-12-27 08:42:38	1577407358	3	1	169838.5381	210834.1592	66.9790	26.2647	66.9790	26.2647
2019-12-27 08:42:39	1577407359	7	0	31813.3895	195151.0512	76.7210	30.6570	76.7210	30.6570
2019-12-27 08:42:39	1577407359	7	1	169906.6156	210865.8074	68.0775	31.6483	68.0775	31.6483
2019-12-27 08:42:40	1577407360	11	0	31889.1705	195173.8090	75.7811	22.7578	75.7811	22.7578
2019-12-27 08:42:40	1577407360	11	1	169972.6098	210888.1502	65.9942	22.3428	65.9942	22.3428
2019-12-27 08:42:41	1577407361	15	0	31965.4561	195204.9647	76.2855	31.1556	76.2855	31.1556
2019-12-27 08:42:41	1577407361	15	1	170039.4540	210919.4241	66.8442	31.2739	66.8442	31.2739
2019-12-27 08:42:42	1577407362	19	0	32043.1433	195231.8388	77.6873	26.8741	77.6873	26.8741
2019-12-27 08:42:42	1577407362	19	1	170106.0314	210942.6270	66.5775	23.2028	66.5775	23.2028
2019-12-27 08:42:43	1577407363	23	0	32121.2900	195262.9667	78.1467	31.1279	78.1467	31.1279
2019-12-27 08:42:43	1577407363	23	1	170173.7251	210968.7666	67.6937	26.1396	67.6937	26.1396
2019-12-27 08:42:44	1577407364	26	0	32198.9002	195288.6971	77.6102	25.7304	77.6102	25.7304
2019-12-27 08:42:44	1577407364	26	1	170240.5937	210991.4520	66.8686	22.6854	66.8686	22.6854
2019-12-27 08:42:45	1577407365	30	0	32274.7361	195315.7542	75.8359	27.0571	75.8359	27.0571
2019-12-27 08:42:45	1577407365	30	1	170307.239